1,0.198277400506953,0.428385639941255,0.384058845943714,0.408759799671863,0.333063000984074,0.224078306931878,0.324538245497815,0.352566983080018,0.293366065759829,0.271842245868907,0.445745433195393,0.404061410593367,0.280880032394505,0.412010969258133,0.438341275874856,0.345133626729665,0.350921104927406,0.362731866739864,0.328794186462148,0.349789913806037,0.440102045119203,0.186035405618905,0.337495439214211,0.427264257884013,0.186001902592106,0.330909787170191,0.347319823557532,-0.0153807807393268,0.0983361713643475,0.296158337814417,0.304314571069113,-0.0201024713984575,0.298182143287249,0.407314247576248,0.320461555145655,-0.0339534569840317,0.15404829425169,0.0639069783546795,0.440251739405179,0.368354884867921,0.268019869071891,0.229568759516151,0.357707739497442,0.41373038422023,0.379922825100077,0.207031368587682,0.165464792234076,0.296903766924587,0.346551203731984,0.352903146030177,0.37685757674724,0.39031443095917,0.316940611242813,0.284956910173592,0.281906564084159,0.363866850890527,0.311428788852027,0.3728772707868,0.367697579873431,0.266105340797229,0.41141263907694,0.29717478645197,0.419123996755851,0.443765333620724,0.393026089224049,0.385453601292154,0.283314476522917,0.078149646247087,0.371659997436751,0.32185351722531,0.397796163821675,0.401349138544564,0.196870219281906,0.335682753709452,0.22756131879231,0.289906493974967,0.377312296222499,0.0343320488754832,0.288519369663343,-0.00539810518498544,0.379440469434509,-0.0504895563556636,0.134849095734777
0.198277400506953,1,0.157895901688125,0.349258435518783,0.208774308135614,0.118292010131495,-0.0691881182789703,0.175866566930295,0.257308639204773,0.187335391828328,0.080360547026157,0.205303827336317,0.301558842597771,0.139115266489236,0.265342801570586,0.267280967710491,0.22239661403636,0.272001031045955,0.262024713151935,0.157908815766236,0.069625428838652,0.239699498834896,0.0440841078906532,0.134249006392108,0.190522619133003,0.208655687282968,0.210460753208838,0.19146762532741,0.00263132942803481,0.109224299641975,0.0730064597517932,0.13192253312057,0.0183627418417194,0.0588210841427844,0.175061798183465,0.0425888262589539,0.0586966952883794,0.0964751392889881,0.042946681931486,0.168036529634488,0.107368793578227,0.126797336283974,0.0108961804270936,0.305069144807567,0.303535525564987,0.281156934369908,0.201120852739048,-0.0563820409583607,0.178425240532753,0.210132524968688,0.245076555200773,0.149607402634905,0.210425351119562,0.168165350878114,0.215937015013189,0.217583462595216,0.0892586435439658,0.20828843961174,0.199690096995638,0.239607426574636,0.249489029123495,0.23940260282125,0.0457816073358052,0.214729616948089,0.225782826001513,0.27166133935163,0.23510942838217,0.169380985700658,0.066864091907346,0.30065914680347,0.140596218862637,0.160821384287577,0.24917351490038,0.0966865056780048,0.241711076031553,-0.0455326679422235,0.0193699971226969,0.101187435990835,0.00824352149816322,0.186776770045337,-0.0108954912495806,0.096008030040123,-0.0962721914984007,-0.0913249506771795
0.428385639941255,0.157895901688125,1,0.514939219616727,0.646588559068628,0.735337131531562,0.628140500441983,0.753288605782578,0.561461726998371,0.413186746468612,0.379696133874686,0.674815547664644,0.648685960424274,0.501640773217703,0.684563435107531,0.812990979584653,0.533847128561134,0.569587557264231,0.574291482369795,0.437290237447513,0.845893191101439,0.617415167157409,0.229293526156764,0.486689664874168,0.57451238934755,0.275915333613039,0.495981876030754,0.511863482227924,0.122888947873346,0.342602788873565,0.507799208018309,0.524271179414011,0.140342065945582,0.552853751152213,0.61434588785005,0.792225383432108,0.0560832957080777,0.297182890614581,0.0256712530908356,0.829748107512082,0.625401034165443,0.431873713809734,0.406639198936141,0.576279133151342,0.735531447390918,0.575043214559831,0.302534971125472,0.584267614818917,0.400016441262464,0.48891120629291,0.415401493346876,0.622351060261968,0.729660315403326,0.541244085958288,0.476857472877572,0.466033335570268,0.816536070302465,0.576208196321059,0.504213842412147,0.563822258779593,0.501141710050481,0.613325425993353,0.786842315309397,0.712883095689483,0.586966709443942,0.547267383546199,0.452725968648611,0.379969135731426,-0.0205274701698425,0.638439597413006,0.483453502914742,0.573026157183892,0.67504804712989,0.206729406020191,0.467205423353074,0.558376637725954,0.502473385755269,0.672954505605823,0.115012138944957,0.428549658959233,-0.0933039546141005,0.668207490326782,0.0122404605185585,0.279587303130927
0.384058845943714,0.349258435518783,0.514939219616727,1,0.681818417068414,0.378793777778704,0.377484079511003,0.610959117993245,0.674498166784709,0.563242876164654,0.369488268114145,0.638131371924035,0.660213697857518,0.591187270394514,0.555338330240871,0.651577114292127,0.612260648628859,0.692053473871542,0.68585812337043,0.485194033327692,0.445323082494899,0.669201178951714,0.185121762019124,0.491387560616103,0.58929430199132,0.396321580337072,0.631863372923772,0.613253352899979,0.10290739140269,0.0524551706248003,0.404911831253549,0.509709068789003,0.119678527737725,0.481622063431287,0.695408633074463,0.406231157915158,-0.0741017977142868,0.305074467175565,0.0158713604140492,0.539438297714021,0.571545678735219,0.396709508513318,0.429727497254559,0.381920468162116,0.548339698197192,0.632283482594004,0.382717332468043,0.246275239027654,0.604272830478426,0.655650539801491,0.599866158255682,0.465596645029961,0.64472283611016,0.580924800625506,0.587934897058216,0.569691758538675,0.345405206244925,0.605545179298542,0.526820941411235,0.619987582869828,0.662024750310665,0.506862378397637,0.409124269534811,0.552953959678539,0.655855529626337,0.632413166633898,0.632406675806594,0.549461386862974,0.119933962840257,0.631499575988818,0.336949686611815,0.733900002087406,0.474237715125723,0.394370298822921,0.657641757944417,0.372215213764469,0.341860625020345,0.478461364880641,0.0798877014796337,0.485976989374522,-0.121163564317279,0.538625849300356,0.0423109374545532,0.139193619505434
0.408759799671863,0.208774308135614,0.646588559068628,0.681818417068414,1,0.523553117789434,0.431490307964654,0.613455251705004,0.567097984630407,0.49202635117234,0.268842515353617,0.5119697754421,0.479265710659136,0.387869059440447,0.527522121013286,0.612879361360812,0.424274787573088,0.542702580306943,0.476843584303984,0.348135279915437,0.475450888073346,0.521399922800341,0.186703027772242,0.363925541549574,0.502862395965139,0.367812062410637,0.437772797381519,0.450999010341178,0.158300412443316,0.167620008944504,0.362934692917409,0.589731904530257,0.194028296514545,0.448639936019202,0.588901670219364,0.471230009368172,0.0338959200598159,0.32746600674525,0.065514748365395,0.524638613677693,0.531064453635301,0.525743157402507,0.450872414236006,0.378021512622684,0.529443537935332,0.640098099599857,0.397861025755002,0.511989751142952,0.497421471086717,0.606293582146342,0.423498818948416,0.4151346716678,0.537060879257343,0.368317409875195,0.408050325137358,0.351949764809435,0.500673250936086,0.455343776433067,0.385728713777254,0.513222903149112,0.447163998006466,0.399793002625409,0.447415702128193,0.523061701238425,0.522225237273697,0.52858551131875,0.48564459631187,0.366766066704398,0.0650240215335758,0.531411889541147,0.384930825849395,0.553557660176865,0.44489579533226,0.278644575937483,0.494041542998231,0.328523559750412,0.299140836859315,0.436186172961268,0.076727843893312,0.349767932820504,-0.112636902462575,0.4634549650182,0.135589048694635,0.263524093789115
0.333063000984074,0.118292010131495,0.735337131531562,0.378793777778704,0.523553117789434,1,0.648777376594378,0.469762265897898,0.409405713507986,0.376651546478106,0.273876007352717,0.5184205709067,0.42289671388682,0.22195662874331,0.572427284515836,0.507193247672888,0.237390733684443,0.307870696391211,0.296205831618079,0.346200134152291,0.568111597216621,0.412972865452181,0.209829424000023,0.314904032441789,0.718874320282953,0.211983250016118,0.272848768492599,0.452096335088958,0.00331268421364782,0.273273165944623,0.580846309728997,0.6092571523703,0.0277412858130306,0.785868079928953,0.691421418281923,0.442024827197427,0.137723090983711,0.322019618109509,0.120762877397287,0.667632204802922,0.668527772054774,0.458034830602625,0.388270137209459,0.530214580495773,0.588024284472583,0.451852901709098,0.190186277083176,0.532206425377514,0.418075909933354,0.421213453271383,0.299425393128681,0.412367980137995,0.524709875904024,0.252069277636564,0.230386521839935,0.275670113163199,0.872438279796163,0.297698830106892,0.21939140012502,0.29485480560561,0.220921833796302,0.386508745538091,0.549335777386984,0.646536408740827,0.359675515394144,0.456345041609103,0.401622290048325,0.300955411904858,0.040184244432673,0.298173627392847,0.352476760719923,0.431498327302214,0.721802811514254,0.156052737885405,0.299698730975897,0.480649254004655,0.50703546922207,0.810084151177914,0.137909995701308,0.380957145117834,-0.0772367468341771,0.569664251521245,-0.0106789138634049,0.222851602688878
0.224078306931878,-0.0691881182789702,0.628140500441983,0.377484079511003,0.431490307964654,0.648777376594378,1,0.632741470791197,0.366485582514989,0.255861809283452,0.23052107822656,0.392204160129398,0.306352715113773,0.299679396134881,0.401495732725115,0.5204263818266,0.268009810218492,0.314910068399213,0.337200184231538,0.278652157845653,0.615140174899875,0.333686775910682,0.139698089528775,0.267628415891848,0.506211910386751,0.13663319301177,0.238253848114638,0.344280891982916,-0.04646658575513,0.101683054072705,0.375100882015574,0.546181885739592,0.0857400122638578,0.583807139531232,0.469030102798824,0.630411170194489,0.0300471885744778,0.243488831622276,0.0872894514814487,0.613820323737079,0.740239468712208,0.403670524732931,0.443089909024398,0.255942886421192,0.354921028316694,0.335136037999116,0.248218341879705,0.644959644144606,0.292076856864722,0.339957946712403,0.265245589391552,0.290472166079267,0.411584959940308,0.31797961168312,0.344741575792904,0.29570043650815,0.654700878558101,0.293584750606975,0.180002512556033,0.355864443230415,0.239595880105589,0.270102964283875,0.679092183001196,0.375887651383682,0.260341267839055,0.365429337533111,0.336427896368056,0.264928323579752,0.0501591939771175,0.324516012359863,0.275122384317641,0.58032814614684,0.328109086763088,0.181503791315028,0.292910199606515,0.757558309180589,0.594986544505826,0.52652406720054,0.0694258722558533,0.302711538943043,-0.10816767826109,0.553174805279535,0.0869893555977403,0.373042079268636
0.324538245497815,0.175866566930295,0.753288605782578,0.610959117993245,0.613455251705004,0.469762265897898,0.632741470791197,1,0.571780577859492,0.467386118265305,0.243769555117022,0.492096466578189,0.553311753668593,0.491238077769454,0.481496010274368,0.746845797665291,0.434767379894681,0.645377879507821,0.567073340986047,0.43513624898573,0.690519438266669,0.475160579882943,0.246903385778071,0.457574617295054,0.411559999262088,0.357835503673339,0.468952639123076,0.442883207110129,0.155612504546967,0.0617784919734916,0.386197171087749,0.609835178452923,0.286085147516493,0.373481557507671,0.502389202947,0.773768036777912,0.0178915189988592,0.288628206406126,0.0128425875241249,0.576631497083204,0.559895070015027,0.366537196260155,0.534215156332736,0.308415433803424,0.488030232316414,0.483676888849408,0.343385345203159,0.683374566938276,0.488560727061051,0.543027524035412,0.400036908747573,0.376602108774848,0.624675278634573,0.500293845092,0.466215020080901,0.482104012430536,0.498271031290288,0.476454857759019,0.367561639958486,0.662711477171922,0.511784893132555,0.460064378332048,0.7253338229871,0.524162693600343,0.544030367984147,0.585931815272653,0.521870017277723,0.474249878200692,0.0373875802099103,0.637172993897207,0.35527582117614,0.646486882433769,0.393162551466906,0.333117942628791,0.580844617466428,0.663449890999525,0.339165672044855,0.393515205710604,0.0299980655008165,0.381991612692861,-0.119520801447339,0.673991072795841,0.215326960498783,0.412656362605319
0.352566983080018,0.257308639204773,0.561461726998371,0.674498166784709,0.567097984630407,0.409405713507986,0.366485582514989,0.571780577859492,1,0.660098672315705,0.363429310044514,0.647843283354332,0.626929617161126,0.590147288993056,0.577121016065978,0.665746407679699,0.581793014980285,0.6827510655296,0.659179153255791,0.499930291077422,0.476135246041092,0.695576739119857,0.187019213829769,0.509632842270126,0.502554421102353,0.428300309262315,0.604198427154658,0.592402911871051,0.118642024738283,0.158421124237979,0.412584423331372,0.505591839945606,0.12904705764633,0.439896925864195,0.710980033252385,0.497631141999651,0.0403715248139718,0.326449023228019,0.0271634124898677,0.570541886266671,0.520581714134098,0.407481051114207,0.425380727696675,0.463201515075817,0.565744557140277,0.561853734127772,0.377527671908732,0.33291935985685,0.630939859625999,0.635176224002044,0.595564949740851,0.456489882025514,0.638323349465157,0.544940679828759,0.508813703557419,0.581567006032568,0.430528435237864,0.560821235781178,0.488429192167371,0.65402327074657,0.627989543538006,0.586946249153038,0.447400610986487,0.64791208650622,0.673173233073125,0.697033631039794,0.621944558693834,0.554761859659631,0.0305387419892485,0.635840054508073,0.414184689245852,0.620232899572692,0.52836507323449,0.469498702630869,0.633234947672332,0.307237418450033,0.329354715836107,0.48930053721281,0.0915759693616886,0.472451116774123,-0.0893625467706128,0.506312429750653,0.0697669710808776,0.126591282804502
0.293366065759829,0.187335391828328,0.413186746468612,0.563242876164654,0.49202635117234,0.376651546478106,0.255861809283452,0.467386118265305,0.660098672315705,1,0.287928773344853,0.495858556118853,0.506631598092196,0.427109744514821,0.44980066062291,0.516286947256129,0.394583757482062,0.574500987384755,0.490144013871144,0.494490411501969,0.313137736419521,0.518396691840104,0.248703408885548,0.483309773592844,0.509710202213178,0.426002398928409,0.4872235947552,0.494381075065234,0.125284242325874,0.0635034062963786,0.437016010306291,0.459681162334326,0.0848165627732995,0.364452212383543,0.618926051320905,0.371802959151944,0.0568512040612621,0.384866702579384,0.0533168857608645,0.391740570047256,0.440190383439933,0.315900404118965,0.420263537581173,0.359102804017357,0.430060421678574,0.461754491651136,0.301460429726612,0.268095308660403,0.584768920410042,0.599701310701358,0.530634292272802,0.301537567301036,0.490280882052858,0.401133726287753,0.379188730041279,0.45586193088096,0.331460826106217,0.420924014314893,0.366830527376105,0.523107806209993,0.454605766421518,0.463051191352265,0.362885779799466,0.554322715030931,0.556746272852108,0.636944375510772,0.520839205428611,0.499573856772474,0.0575358052625117,0.490987963696797,0.26221531130383,0.531797157045859,0.460602554220637,0.436091207097476,0.551641677923753,0.316049321626737,0.246194862099184,0.389921745076879,0.10363551138135,0.431517430925986,-0.0312535396602982,0.448121543888717,0.0305835678049049,0.177943909224488
0.271842245868907,0.080360547026157,0.379696133874686,0.369488268114145,0.268842515353617,0.273876007352717,0.23052107822656,0.243769555117022,0.363429310044514,0.287928773344853,1,0.581936996413027,0.447904179799809,0.464777165990851,0.421642210318612,0.421549518721818,0.555372697670073,0.407204866984812,0.460418194672359,0.395178081105857,0.402255231265618,0.603900219079958,0.110747794469271,0.430938527209524,0.438749592326198,0.126397316460604,0.463221042745123,0.506574541826352,0.0154974705864275,0.171617285618205,0.283118013077,0.210560459058312,-0.0701072161134183,0.366040833287194,0.435995995004153,0.352266065329283,-0.0842540483237267,0.131117568240618,-0.00748243637306845,0.506616003600006,0.463066018528388,0.268833692119956,0.151417640948348,0.339830763743671,0.469218999783854,0.268661369024099,0.0816711385367068,0.0399422550056292,0.185337697079491,0.286174119888448,0.463106045283824,0.547366075560726,0.424666146309594,0.546726109634262,0.31566245274438,0.464314324665644,0.330388217773223,0.471458840371615,0.520252779723115,0.364012578487937,0.383254547909541,0.499295181838534,0.295320853892381,0.409356681895972,0.472017616204663,0.369341293550728,0.338035754901075,0.311590385471418,0.0177912481461514,0.321632219924788,0.230538344205757,0.424776713596445,0.354319238677783,0.177248560277014,0.31694147427158,0.172032867421836,0.312567955612101,0.441618500416411,0.0725647997504359,0.370636644328007,-0.108175191799146,0.424959355421703,-0.134561239218758,-0.0046171396493819
0.445745433195393,0.205303827336317,0.674815547664644,0.638131371924035,0.5119697754421,0.5184205709067,0.392204160129398,0.492096466578189,0.647843283354332,0.495858556118853,0.581936996413027,1,0.762815948426334,0.719567165027667,0.733426886459463,0.716342533119192,0.810347557095953,0.664856959848472,0.762753822547225,0.590756696239883,0.665059083315144,0.874294822024855,0.151969179337453,0.61414099653044,0.699387767554706,0.294904068027592,0.714632652026834,0.71037535509489,0.0385569391188828,0.216648948034867,0.559650092170616,0.374471851980326,0.0106444584650609,0.58500279998742,0.705651747538109,0.573022760594823,-0.0618384591732918,0.359803605447292,-0.00619998979055339,0.795873923291319,0.634298524018383,0.387095835573286,0.30367859386472,0.568484710642155,0.765273220413328,0.521541407454361,0.274840052737748,0.200440591851827,0.422083605911951,0.59857685389037,0.70691302154401,0.85299175314807,0.797602344610323,0.728657388862963,0.638388910023804,0.669009391586254,0.565166434857141,0.760652141948296,0.734174656004651,0.630310711214102,0.689793106977275,0.778875130480579,0.544722413859533,0.701570087121537,0.788253047624179,0.651886958991967,0.570703321009196,0.513751742730923,0.0789850792486782,0.628125074416665,0.455609387817726,0.686019825704597,0.668885455765409,0.293157480727566,0.531962649984849,0.356882227095384,0.459960268820725,0.684750268005433,0.133228598923793,0.581532025143942,-0.114984846121031,0.643983035660234,-0.0856148302082436,0.0875867526517301
0.404061410593367,0.301558842597771,0.648685960424274,0.660213697857518,0.479265710659136,0.42289671388682,0.306352715113773,0.553311753668593,0.626929617161126,0.506631598092196,0.447904179799809,0.762815948426334,1,0.669555491872987,0.674934305689239,0.759614169720273,0.701544593360227,0.693396605452273,0.749843120363716,0.558101490760457,0.626495115645984,0.74454411211251,0.182565712694857,0.592479402918468,0.577199478178975,0.385070972544276,0.686755485179102,0.68702496912718,0.11488048255694,0.22916047283407,0.484737179944742,0.402427159332346,0.0555834447784944,0.451055493230844,0.632004132529957,0.539048828906206,-0.079274177828499,0.33282812332351,0.00262449131533315,0.694167259142585,0.516157104947391,0.329630656436904,0.307397372785282,0.516764344074547,0.692055120248044,0.561421819229623,0.284279057834226,0.187516026308603,0.44327135676379,0.596684231345853,0.661008299308026,0.650940693162797,0.804025495462148,0.690734042685145,0.636065345441973,0.659631408766495,0.490281507588989,0.673735988727672,0.627167889534757,0.64403758041852,0.689083887374409,0.714847648322759,0.525909111142859,0.673157572030509,0.715987286946165,0.65237967903933,0.576578900817493,0.542754530094202,0.0638837060430597,0.670277259034781,0.383337278282765,0.637341833273084,0.628637527731563,0.25863189511608,0.61309831766407,0.32602982390416,0.404331456600305,0.544505465619144,0.100098478940711,0.534051931438859,-0.0550455936635672,0.566613596535218,-0.052830611458374,0.0738347935180711
0.280880032394505,0.139115266489236,0.501640773217703,0.591187270394514,0.387869059440447,0.22195662874331,0.299679396134881,0.491238077769454,0.590147288993057,0.427109744514821,0.464777165990851,0.719567165027667,0.669555491872987,1,0.556739773473838,0.625926292908805,0.715949475306611,0.714456267809024,0.740891961989266,0.540308501953957,0.595123901783649,0.765618887616501,0.149200449928464,0.539422055504938,0.469959414589056,0.316334581477871,0.702808104709863,0.708645517263658,0.0550573168910336,0.138512410794602,0.405433645982809,0.266105117038054,0.0377543825739781,0.332738674962668,0.532496601223393,0.558513062463877,-0.115250076681344,0.253582308516745,-0.0769558063921797,0.615099686636557,0.538639316512696,0.257991723573103,0.298751248410756,0.418243728916148,0.580154812801858,0.411042225771498,0.185035767357148,0.0998800704032237,0.367490554413522,0.483517630898499,0.673429125167126,0.631663699428909,0.653507408730238,0.753688520592974,0.688255650086343,0.710244245251827,0.325969849223967,0.685937889918438,0.712948359173648,0.677124093951879,0.68759397996504,0.666364655069166,0.475329418789286,0.589453994459846,0.737153865787731,0.5529437273162,0.510380125910968,0.499500745438275,0.0819959649485313,0.598141363998854,0.369284040807181,0.652571047395777,0.44190763210325,0.300085099511712,0.586532053402292,0.301159346413345,0.35022759899578,0.444622409155654,0.0831033183292409,0.541525911823224,-0.0894018309496348,0.597757597997586,-0.09211429914889,0.0513083197270476
0.412010969258133,0.265342801570586,0.684563435107531,0.555338330240871,0.527522121013286,0.572427284515836,0.401495732725115,0.481496010274368,0.577121016065978,0.44980066062291,0.421642210318612,0.733426886459463,0.674934305689239,0.556739773473838,1,0.679393405095134,0.608280585119231,0.63144064156643,0.621828391629825,0.47228123120447,0.566644886572753,0.718343351979734,0.23257936634044,0.518063890860809,0.569092699933513,0.346364783684101,0.590416420792321,0.588570219128757,0.0617854618832747,0.36631146246446,0.435114351279696,0.446843679393464,0.0946991635543981,0.576343462175142,0.661876179505086,0.508251257101932,0.00996148679827649,0.235359961174354,0.0320727713322241,0.710799453442213,0.574774879352108,0.406428372431575,0.331996089812371,0.670887129332523,0.821615770635478,0.539886854031148,0.287647039088366,0.257267723044018,0.425236133950883,0.525669761370862,0.57630018057862,0.629360154143461,0.685780876362528,0.576133634848699,0.494109005756372,0.520182368897436,0.662339908943103,0.597130256944474,0.565726959073735,0.628268272054437,0.548954624435814,0.689344345722068,0.404910508996277,0.767675301921703,0.670456082693455,0.597784101284775,0.509429885242433,0.4572852060918,0.0150075316343616,0.655734921815515,0.42464713473606,0.525414744609656,0.642535472106503,0.234494122659014,0.494471429007391,0.252666545598336,0.355347527295111,0.649296737157711,0.185211030851869,0.4802292640972,-0.0682783439050926,0.516166135240222,-0.0960866895055846,0.0876021528485144
0.438341275874856,0.267280967710491,0.812990979584653,0.651577114292127,0.612879361360812,0.507193247672888,0.5204263818266,0.746845797665291,0.665746407679699,0.516286947256129,0.421549518721818,0.716342533119192,0.759614169720273,0.625926292908805,0.679393405095134,1,0.692111899740314,0.692243331162725,0.745692054890875,0.491071855382679,0.777748337856965,0.735279396640346,0.183876523783069,0.579735348463789,0.559968439941224,0.327916621359972,0.628296494874513,0.575571672119649,0.0974023696033466,0.238456021979564,0.464063745315936,0.471713883074944,0.107315141250151,0.442912347791295,0.608390279859621,0.727394357237072,-0.0536599099332651,0.325468661194947,0.0172760494675809,0.776491295099272,0.580511622734925,0.408679690049226,0.356087663477749,0.490917280567311,0.690891971974538,0.565166966759168,0.334042105512685,0.416271206122199,0.40548816804436,0.597467110419183,0.567312168303432,0.598225410016649,0.809936733397069,0.66817982913133,0.636947923222471,0.620654224487474,0.583816899073193,0.679699502293836,0.629986922679113,0.712949062392908,0.668484210567285,0.679821828600865,0.693030039146304,0.650796532415275,0.707254803241311,0.630293803947598,0.544387527143664,0.471884390010887,0.0148478364422834,0.791674682726919,0.453890829465344,0.685404260111698,0.588241617629794,0.293135851451426,0.572463300006571,0.516393646330819,0.486383959570189,0.515593043185072,0.0988738466526333,0.479465457906743,-0.0804814020619048,0.611794296019238,-0.0639560311789875,0.24504872806901
0.345133626729666,0.22239661403636,0.533847128561134,0.612260648628859,0.424274787573088,0.237390733684443,0.268009810218492,0.434767379894681,0.581793014980285,0.394583757482062,0.555372697670073,0.810347557095953,0.701544593360228,0.715949475306611,0.608280585119231,0.692111899740314,1,0.654383346774777,0.794646265684807,0.432786254178918,0.571343943008405,0.888248856914593,0.11789036886915,0.510196057290721,0.460586589801609,0.267785531087681,0.715643761603356,0.555344547487186,0.0270505015215419,0.170027778970559,0.280258878562115,0.216982270580061,0.0048724654807946,0.371135303696459,0.503650620223561,0.477849472651438,-0.146015791523518,0.203159402581796,-0.0885340278479699,0.629963470001609,0.513072974745134,0.258576461570783,0.215948617090282,0.442547024850035,0.678916318472561,0.450011164835281,0.249349249984363,0.048148140713495,0.250777850939011,0.506884815055735,0.634473918014539,0.785721955362867,0.722790324948596,0.769898077379835,0.670147120670887,0.655865720574232,0.328270326447087,0.811096512934676,0.803138578606881,0.58502652544649,0.759571519446395,0.66031347569936,0.410294258305932,0.497774125563553,0.7128409700264,0.518590355047014,0.422531701869042,0.354631069061126,0.0312611022688529,0.659337817832819,0.321775777171339,0.59561421250405,0.377650806295405,0.28214943482758,0.468464502772199,0.213345878633144,0.344121187424398,0.448517280354706,0.0889633792678677,0.413069344099,-0.151601755253352,0.452776713390858,-0.0893667132521646,-0.0319951767933945
0.350921104927406,0.272001031045955,0.569587557264231,0.692053473871542,0.542702580306943,0.307870696391211,0.314910068399213,0.645377879507821,0.6827510655296,0.574500987384755,0.407204866984812,0.664856959848472,0.693396605452273,0.714456267809024,0.63144064156643,0.692243331162725,0.654383346774777,1,0.783681468040173,0.555574936959859,0.530510731841027,0.72438153391862,0.245728523838114,0.548297872761001,0.457744089132539,0.483921725682656,0.713536794344621,0.64533668730434,0.180710771976678,0.162166857836599,0.363145460567306,0.460267301978998,0.195167371964238,0.35443999266693,0.610759732557217,0.573897479143097,0.0256165614515717,0.258430098780365,-0.0351059223597919,0.559273683086017,0.530210565174985,0.301905947588446,0.444801748054496,0.483665258469235,0.615394398889582,0.511732162641941,0.362738420661622,0.247338838257008,0.583980157692847,0.659090710617602,0.658295672967193,0.504878713040853,0.699760967306405,0.676975037890843,0.649246043995186,0.718249465788097,0.372626658422859,0.665172535740143,0.624086653012659,0.806659665122928,0.75656667759935,0.623531894136815,0.423620050652619,0.696953265152383,0.787422810959723,0.677882372236918,0.633747243554095,0.609495522235794,0.0996790831114388,0.716792033189837,0.339733612087374,0.630165766488189,0.458643161653932,0.414940319712092,0.710745814694313,0.290807087009188,0.216828764652999,0.431972557155427,0.0853785085918855,0.518399779243172,-0.157181057113042,0.58869275736055,0.0543308935802567,0.113624864970506
0.362731866739864,0.262024713151935,0.574291482369795,0.68585812337043,0.476843584303984,0.296205831618079,0.337200184231538,0.567073340986047,0.659179153255791,0.490144013871144,0.460418194672359,0.762753822547225,0.749843120363716,0.740891961989266,0.621828391629825,0.745692054890875,0.794646265684807,0.783681468040173,1,0.498955664103285,0.619503077060023,0.794396840186415,0.165749253771305,0.547520430722616,0.540432733104412,0.327672800776281,0.726634227681936,0.606876289945294,0.00387890421466581,0.140912267476337,0.355975188975317,0.356113489738641,0.0732506952365742,0.395114912689016,0.567529279345875,0.545989723534451,-0.134351379162291,0.28539078211574,-0.0551829248813905,0.65952339913639,0.567492332162475,0.335241863655812,0.287780968706512,0.470063202372857,0.650488749154701,0.511368742801675,0.328640316856052,0.165082024197277,0.38306458197799,0.591778954178218,0.654312156702008,0.678453767204004,0.771456589809567,0.720473755220607,0.790662953951065,0.737728374684785,0.373080262067661,0.759443731754279,0.681582637816102,0.710977061439693,0.839498771968723,0.6593553999901,0.493934899340851,0.572263741425969,0.740130295144479,0.580545547496544,0.570975383747555,0.458641033157945,0.0485003420519453,0.70508973371674,0.391377567361741,0.674949294790647,0.474255535294637,0.31580406649509,0.605104849589887,0.284402446401237,0.380659441364524,0.468666453170957,0.0815847303423494,0.505164752961505,-0.130528291842694,0.555272142330772,-0.0444045833188269,0.0707506002864987
0.328794186462148,0.157908815766236,0.437290237447513,0.485194033327692,0.348135279915437,0.346200134152291,0.278652157845653,0.43513624898573,0.499930291077422,0.494490411501969,0.395178081105857,0.590756696239883,0.558101490760457,0.540308501953957,0.47228123120447,0.491071855382679,0.432786254178918,0.555574936959859,0.498955664103285,1,0.439575334172573,0.553444099911233,0.210406292705615,0.58741332401729,0.518449877383284,0.37821597852816,0.494657195134834,0.649839825485513,0.132616178377171,0.160861641729533,0.550209506449248,0.37744404930035,0.115873784059872,0.377463441768104,0.561213620302402,0.511845329417359,0.058232100860499,0.298775555704497,0.0201027689724074,0.541512263788239,0.481953662415142,0.274371079596251,0.398220628767572,0.398758649928197,0.463718187300276,0.332498805241585,0.215448369800398,0.202986890976069,0.457586763769683,0.46513946366935,0.574155685621755,0.419024012343319,0.540956082929042,0.548241236685509,0.423208025897699,0.548513597842266,0.363574683434025,0.46133786256083,0.472162406551827,0.535920615411951,0.430850785252751,0.623231755698883,0.392910025259515,0.624594760005685,0.6090178940196,0.629819477265912,0.54903183017845,0.623807808314363,0.107069330347778,0.441897677058226,0.303445533562936,0.606388962003616,0.535328766905038,0.385021568231862,0.573686388862422,0.385856757357051,0.318864406669465,0.468605028913502,0.142650625474646,0.620318302688181,-0.0611613957912546,0.596783728021043,0.0102239766213996,0.142451369219578
0.349789913806037,0.069625428838652,0.845893191101439,0.445323082494899,0.475450888073346,0.568111597216621,0.615140174899875,0.690519438266669,0.476135246041092,0.313137736419521,0.402255231265618,0.665059083315144,0.626495115645985,0.595123901783649,0.566644886572753,0.777748337856965,0.571343943008405,0.530510731841027,0.619503077060023,0.439575334172573,1,0.617883821663145,0.129602601248488,0.461682129200182,0.537681679946313,0.152895919945372,0.509004269322995,0.528521721527161,0.0129887177681869,0.26217816113414,0.468321040967793,0.376658732426911,0.0920982460335752,0.46484184189435,0.49783411004223,0.812086351687715,-0.0882873210231456,0.297650164254536,-0.0495343651530177,0.846271302660215,0.633856489385577,0.3303586330292,0.29764368370366,0.452937818685752,0.613632800303298,0.412410116310024,0.178905644871095,0.49050070748011,0.2464863099728,0.39187282027579,0.433309440728396,0.645933719195544,0.722390896532696,0.644037772307226,0.56658813575332,0.536541401002516,0.666911957837403,0.608516022124026,0.546059688191007,0.554655672768258,0.549678775129454,0.619182221291056,0.833041912534674,0.563444749773021,0.566272233374388,0.442087594130164,0.419578160509711,0.348822524176443,-0.0412885747036704,0.561838479426834,0.392917855862383,0.603848528265295,0.552957923593629,0.130420801888351,0.417756213980296,0.604854529063982,0.547041358620773,0.585846796086162,0.0950820317167599,0.422427273230881,-0.0720295424314263,0.689880026710028,-0.0802738076372856,0.252693772139484
0.440102045119203,0.239699498834896,0.617415167157409,0.669201178951714,0.521399922800341,0.412972865452181,0.333686775910682,0.475160579882943,0.695576739119857,0.518396691840104,0.603900219079958,0.874294822024855,0.74454411211251,0.765618887616501,0.718343351979734,0.735279396640346,0.888248856914593,0.72438153391862,0.794396840186415,0.553444099911233,0.617883821663145,1,0.221242379214659,0.613026523115681,0.610570591666864,0.345702349593513,0.752509123215712,0.702122007159615,0.0586521457032444,0.235809848794971,0.412073645752097,0.34866723715553,0.0280757039918526,0.509921686774835,0.68088115016079,0.551736353651066,-0.0881403609210548,0.285739850602539,-0.0329372871465055,0.741111540550998,0.610437306485626,0.367679231758981,0.28663312440296,0.55605521200234,0.760351232779819,0.54746627343586,0.308531927162778,0.139805279062136,0.40654495128427,0.589565865440376,0.729954786312165,0.787616715418287,0.754410138156751,0.787704313192217,0.655365858060627,0.709156456978697,0.48366778616434,0.779250689102462,0.80074799193385,0.678885682045227,0.737925137584104,0.760678819937752,0.447668430304797,0.697649490235295,0.81733580113659,0.646661477760567,0.545895329802141,0.478443336538969,0.0506473063250167,0.678726469203297,0.375592245862395,0.65314933017048,0.553077866378189,0.349629079192607,0.5625909674429,0.258253020793946,0.402856697747482,0.600467204385018,0.11827369127202,0.523303445068415,-0.149387902808953,0.554904156667384,-0.106242037809169,0.0231340205783284
0.186035405618905,0.0440841078906532,0.229293526156764,0.185121762019124,0.186703027772242,0.209829424000023,0.139698089528775,0.246903385778071,0.187019213829769,0.248703408885548,0.110747794469271,0.151969179337453,0.182565712694857,0.149200449928464,0.23257936634044,0.183876523783069,0.11789036886915,0.245728523838114,0.165749253771305,0.210406292705615,0.129602601248488,0.221242379214659,1,0.271537032924282,0.152050097302594,0.20555963657707,0.163296950934759,0.140276692510701,0.126603854825893,0.105534461140459,0.0912744351144626,0.262832387831057,0.0850320117252702,0.21251197097146,0.315003210367767,0.174008120446192,0.124921642551717,0.171926939629483,0.0932503010350908,0.18296884897256,0.184699187238228,0.104502263655433,0.210536885678988,0.230607011715703,0.247587266881177,0.162455514368056,0.113939405048333,0.214000929843198,0.361773974931778,0.22826540138057,0.126282312657896,0.0854825722922949,0.190162691524301,0.184463034197916,0.0994394977916314,0.110339324980096,0.2285635698119,0.108647488009841,0.125058828939884,0.283699589573784,0.150000170848831,0.223873905321036,0.143305271979338,0.322698830923776,0.222053018105411,0.33933319252159,0.216579030090551,0.166167986509368,0.001827641635183,0.217483418757373,0.141771520312363,0.17504038775215,0.217421467126153,0.173457410267478,0.293784596825773,0.0988564749849011,0.0707310627528824,0.241504471539253,0.0314306604137752,0.126158069600972,-0.00132340997368492,0.187089179424373,0.106151308330674,0.12092527838731
0.337495439214211,0.134249006392108,0.486689664874168,0.491387560616103,0.363925541549574,0.314904032441789,0.267628415891848,0.457574617295054,0.509632842270126,0.483309773592844,0.430938527209524,0.61414099653044,0.592479402918468,0.539422055504938,0.518063890860809,0.579735348463789,0.510196057290721,0.548297872761001,0.547520430722616,0.58741332401729,0.461682129200182,0.613026523115681,0.271537032924282,1,0.457752709214884,0.304306456447958,0.547200085827458,0.576140741906733,0.120853697206801,0.146412366178837,0.443564080937311,0.341548250784923,0.0896152466234444,0.356528575989503,0.542933398839929,0.512900547692865,-0.0128400437902024,0.278834861881511,-0.00612574010229039,0.564462556483532,0.430931476935944,0.275703092457423,0.280398774017252,0.388134336666675,0.497119116029249,0.377552071140672,0.237231599379249,0.193325774803558,0.412893240033085,0.469239059165424,0.558800708112758,0.492160025705866,0.56121703564864,0.530230510058389,0.432538075483031,0.516925725744766,0.368210771129598,0.514580811943774,0.535877924576337,0.530191337969546,0.466558745625474,0.605771858861695,0.426765212273549,0.570067756744034,0.59951074803307,0.580344443826334,0.48913506289654,0.471791811763524,0.0871876112243579,0.540836310550137,0.359980525509836,0.582372919463765,0.491202938418094,0.321717952318125,0.527673366479186,0.359799036993928,0.30675884134976,0.446720515969336,0.115874927492896,0.511105367285599,-0.0905298500745347,0.499108546687894,-0.00425854320034254,0.134438133072232
0.427264257884013,0.190522619133003,0.57451238934755,0.589294301991319,0.502862395965139,0.718874320282953,0.506211910386751,0.411559999262088,0.502554421102353,0.509710202213178,0.438749592326198,0.699387767554706,0.577199478178975,0.469959414589056,0.569092699933513,0.559968439941224,0.460586589801609,0.457744089132539,0.540432733104412,0.518449877383284,0.537681679946313,0.610570591666864,0.152050097302594,0.457752709214884,1,0.222987483116725,0.466359056242935,0.659558247389292,-0.0503247313911755,0.227171943289712,0.696816423449685,0.506378415020164,-0.0842493155746888,0.728950968538626,0.74447084263584,0.432216659460031,-0.025303561018875,0.390415577863541,0.0947711341971482,0.741010819637241,0.754340627001859,0.45919123063756,0.328019564107137,0.475145549376678,0.565945837733767,0.485904512381156,0.218802276616484,0.233246909002803,0.433928567262339,0.520235602957613,0.548096252205615,0.592146384829277,0.6011859833884,0.469432607649096,0.473757456555024,0.484346510606311,0.60745122916497,0.510329422297741,0.438061157814253,0.399288535933673,0.457696675483118,0.576353722299072,0.523827222612019,0.60290929151153,0.569646191421848,0.571634902784451,0.542890784290442,0.440841225648807,0.109499357245717,0.406792025309976,0.464279602433442,0.684953746192054,0.770257153498183,0.214983512396674,0.478363126984221,0.475347436480151,0.607997658886156,0.745603752238538,0.113521297354342,0.540555635574065,-0.0231637467689385,0.650042826271938,-0.130017135219582,0.137744805122955
0.186001902592106,0.208655687282968,0.275915333613039,0.396321580337072,0.367812062410637,0.211983250016118,0.13663319301177,0.357835503673339,0.428300309262315,0.426002398928409,0.126397316460604,0.294904068027592,0.385070972544276,0.316334581477871,0.346364783684101,0.327916621359972,0.267785531087681,0.483921725682656,0.327672800776281,0.37821597852816,0.152895919945372,0.345702349593513,0.20555963657707,0.304306456447958,0.222987483116725,1,0.374404687515766,0.382110675269277,0.222752779259404,0.059366371457422,0.28447560749919,0.392828078801014,0.224003252003464,0.215038053224038,0.420586310975322,0.288050947110845,0.136253600780351,0.229169300492092,0.0214462241616871,0.202957349895207,0.296482232745365,0.263261451119169,0.384993879183277,0.25933145559641,0.289899339030012,0.324358722726961,0.196310921390584,0.203873175612665,0.469844567587398,0.423280625719034,0.396616783271983,0.121607363627409,0.353731763417981,0.292358063978598,0.265628104019938,0.358228661797453,0.205761035804223,0.237674214020573,0.219997997836128,0.39613805336078,0.301708646648068,0.298921243335057,0.197349583676326,0.453144386084732,0.380658218596311,0.500470751066324,0.409211181015724,0.456111728408811,0.123483558615188,0.340519753863913,0.189340450395657,0.358292912471998,0.285632120413121,0.367269785880111,0.477066670119636,0.181076388178312,0.115629083125141,0.25005767467289,0.109768965375964,0.330803123945469,-0.0702093792864486,0.340783002493232,0.181452398640944,0.16935244165652
