1,0.130443277756263,0.143099150495421,0.00633600274975837,0.13548376574022,0.230885868207998,0.226919905050213,0.0753162432275477,0.249427200673477,0.265956691039606,0.0582693015744872,0.0840248319968098,0.149706228612205,0.100635333088967,0.18986800541105,0.184798401564274,0.152078308275592,0.212029472470295,0.161350527746285,0.0595554043619946,0.18263943989789,0.128114288568715,0.178155805276072,0.0488197486219053,0.178751092907934,0.0874112857337072,0.0650741987188204,0.17777275945289,0.0662812727230445,0.116662337611487,0.123999201017903,0.223740642692834,-0.0496068789694623,0.141548294845079,0.229030330366071,0.118966863336677,0.166920833197633,0.0481027514886276,0.275586739433336,0.220432104810209,0.338456698733582,0.171459953316594,0.117544784031995,0.10844880701102,0.238704021335178,-0.0645146457474561,0.0689781518331481,0.120596439044359,0.192791238832634,0.171460057247803,0.0377956785438241,0.0552618203696388,0.103816141846072,0.169194310189702,0.105723027322485,0.166448023199318,0.255658819463755,0.117922526512327,0.134603325792743,0.184500266737402,0.180114698202212,0.110743463138967,0.17534615060999,0.208289344987559,0.109772734060881,0.11012502129721,0.0317659584870364,0.144405405790596,-0.0040708585497475,0.235402923459666,0.159447060278069,0.162695298876361,0.182462378487072,0.21824550172224,0.290675132424136,0.244225458995217,0.182778245476551,0.202515878069586,0.0870031993459217,0.0553231528786053,0.122808020562892,0.224489645274101,0.17189771616331,0.089807458615369
0.130443277756263,1,0.361249187005497,0.449204069591163,0.254409879714759,0.332864845286267,0.29213026731692,0.141183040741467,0.272165989929261,0.237592487765909,0.183464879705832,0.0900983644038762,0.245031608369255,0.223314723618906,0.199697862478602,0.354248611316573,0.269269383355565,0.200369680055289,0.109450824921863,0.251859186433719,0.293034334699831,0.216153161901438,0.203567806827718,0.236350939745419,0.123441865481502,0.193827985056758,0.0533509215561303,0.218815901224669,0.149665291465878,0.0424941136719676,0.15010264893279,0.165861350369527,-0.0418199870590046,0.136835042577191,0.295286287352502,0.0666414282452515,0.194787649955108,0.0540501730900246,0.131874624792663,0.196379933025493,0.16668629672891,0.129802201989728,0.0776157461969111,0.106979351015498,0.213933132857332,0.420484964734604,0.131460068144197,0.258750174112342,0.200580892294478,0.290153760369872,0.193576365459083,0.163496053202964,0.14176573068814,0.224042393478755,0.184608253924304,0.228040119627005,0.214109333205167,0.166963409867581,0.104787730149521,0.32148338858251,0.243124578713359,0.1766421894777,0.338992153682793,0.157456111707267,0.182407443295629,0.215631237291233,0.235510077062152,0.26270005916124,0.0276738106215635,0.202926579940526,0.209853941696611,0.313961401517434,0.293135513121072,0.107367290880156,0.341950265222315,0.205461318917539,0.0886736553131977,0.241985092889863,0.204364165396918,0.226715840509374,0.0783076967485335,0.152294494003201,0.106165189013525,-0.0151641044068261
0.143099150495421,0.361249187005497,1,0.662448917209687,0.0962130812880245,0.568045928693115,0.383972700081343,0.0181068821500718,0.387202687865106,0.311611659681001,0.324801892553322,0.287397807022475,0.612720323581887,0.359803910034215,0.225250976238181,0.656363273853851,0.503539165694438,0.35602532207858,0.253752329633186,0.430974207702328,0.589355122133357,0.362089227053168,0.383740230728234,0.259107046781572,0.368150246361974,0.162086614632826,-0.000619358107356994,0.345415519229913,0.211008004329736,0.016751803657241,0.225757324160527,0.181426566757238,-0.105900539433866,0.160493972991596,0.48383273496932,0.0187276673902112,0.25124235829617,0.138925997439338,0.166526812386539,0.300487863304967,0.223057495726982,0.0503062960150636,-0.00633257679233173,0.122218974508212,0.462943308314488,0.571653951640633,0.0447915681866919,0.205514084687098,0.310705468013116,0.40927586487477,0.33120440559059,0.280942988931022,0.329794458858754,0.500537289709237,0.419716196082939,0.319285084313282,0.178979706650207,0.292427056433171,0.253008428848358,0.621161217190456,0.435706065464523,0.399366497454081,0.646689298913163,0.18694955391445,0.299609400338209,0.345440371026847,0.286534563433201,0.342057298938892,-0.065979662504557,0.251499189525177,0.195834867887577,0.602016459400851,0.417934185467991,0.163639188263822,0.558053046714832,0.27800621214649,0.164198024863464,0.316555043467902,0.195424206513787,0.376488928341721,0.0651093742744295,0.265837529570583,0.121517948068505,-0.113727265075331
0.00633600274975837,0.449204069591163,0.662448917209687,1,0.106758695358599,0.471248314803769,0.401675537911752,0.0299603384768409,0.23291027427395,0.0814493392978016,0.300622520590659,0.24234998081561,0.484028898858096,0.220969516654696,0.125333969626667,0.621105552575501,0.343430312526002,0.197077721831117,-0.0219618872721034,0.51169920688036,0.589669771511044,0.382359514784554,0.32035645819918,0.283415456722688,0.17338188615142,0.22919353688484,-0.0744441019481269,0.39533843304691,0.228903661033194,-0.12715667086371,0.142157580670734,-0.00286376454594151,-0.144278311146506,-0.0345911834318577,0.390364530702041,-0.160728169502092,0.132867207675292,0.0569171643468125,-0.00973801315236708,0.118351196012289,-0.0107133559096634,-0.0531010971437705,-0.139539130457656,0.0734440154106843,0.285327848789828,0.919906275289393,0.0532736833848442,0.240948007746389,0.184332889933048,0.26404230348695,0.311182388568367,0.291292129789102,0.372304182844207,0.358022208005771,0.313224180494426,0.151726626298075,0.0600872920042898,0.227757052737819,0.241597720628946,0.595588425419907,0.28094230825209,0.34810949943236,0.634888483940895,0.0845358467462821,0.374198275926086,0.367754571935384,0.30893232781563,0.331442198628937,-0.0173067935819031,0.21540845940585,0.10152513548282,0.507632009549054,0.378082730769463,0.0135368555504685,0.474764292709037,0.163425043583106,-0.0110808690905888,0.216659669775662,0.173650259423833,0.331407832090181,-0.00051323849119548,0.0829877086653717,0.00871023664904755,-0.135061156469242
0.13548376574022,0.254409879714759,0.0962130812880245,0.106758695358599,1,-0.0136833357815152,0.0401186876195831,0.388791586178641,0.182247040399151,0.187842231288541,0.0244720670098815,-0.0635577319805118,0.225364963996622,0.238728021408529,0.114545304384678,-0.0051464461761588,0.224779037808951,0.190238295773797,0.295820787935797,0.0716074631401468,0.0428315324350678,0.070989328577304,0.0692863378764191,0.0593143660548044,0.108960825221331,0.0912615332085087,0.119357541420945,0.151053361183616,0.101291289133826,-0.0388807135470248,0.0659988693037035,0.252632827391896,0.248056437060599,0.189330323845651,0.166869440851741,0.179097900525944,0.288158972206099,0.0302737983514109,0.141349023111641,0.103403660472839,0.250282465784324,0.408265261536789,0.335964106327707,0.0134207322973879,0.0487133761471864,0.0994280970988942,0.185397617472572,0.412122336218925,0.176951861426008,0.214098648438214,0.0863277888258851,0.0540757276675706,-0.0567324970652876,0.16594958091789,0.0835624381295469,0.242980293807311,0.380657499929463,0.0334764229691647,-0.139625404198596,-0.0477731277462065,0.213480489412192,0.0193308372517929,-0.00524860460109318,0.104418482284422,0.0622055400961267,0.0449621300059047,0.107083283318308,0.138427013340192,-0.0281388318291127,0.146916360878341,0.214352456387555,0.0865462829370486,0.16598669554369,0.189512739353348,0.116925522203995,0.302780914889194,0.21560634113079,0.0720019111086609,0.0760341357718131,0.00150921916825511,0.202406742290489,0.130963568277364,0.325508387410953,0.273623969228937
0.230885868207998,0.332864845286267,0.568045928693115,0.471248314803769,-0.0136833357815152,1,0.779208751272317,-0.205065337917414,0.459654383161151,0.308986450876195,0.387084984366542,0.317761967080346,0.409316488489413,0.309674399832731,0.490585492160615,0.783295283169386,0.346543676479963,0.447192098071892,0.162788867166548,0.516540585310709,0.608041048756057,0.651161478881836,0.499134360678904,0.426455542216467,0.33881972149892,0.32361796671472,-0.108643967298653,0.319416044834156,0.287718328043998,0.12222165935347,0.404292501933949,0.139635561773462,-0.377606862064859,0.0214719806091307,0.573003353525061,-0.0729606714800673,0.124258205855603,0.182623450878372,0.132867916764407,0.430084486011481,0.296069000748409,-0.0937176846255444,-0.216182053133313,0.383364068735752,0.592114045380982,0.389722976624177,0.0421331223435622,0.0465764485492972,0.413468741478092,0.450726963470058,0.297940934047386,0.351987231421514,0.412403557220936,0.353239721410476,0.383423424564178,0.226362594391586,0.147057224232699,0.386580931041007,0.70913905201752,0.743169212199528,0.511486512394773,0.464840251551406,0.742106788380949,0.189910838010328,0.48755122622382,0.48396821780017,0.386565799909414,0.389960562473762,-0.0371113203657527,0.507964523267565,0.0843492546517059,0.698628025821966,0.569604193839829,0.109113896658515,0.686029674875381,0.217256595709702,-0.00589933507766131,0.344492441429815,0.20342391239376,0.297817861341518,0.0457518229742184,0.272685213834851,-0.0531899816863553,-0.307939692298817
0.226919905050213,0.29213026731692,0.383972700081343,0.401675537911752,0.0401186876195831,0.779208751272317,1,-0.165313706862083,0.305536946642766,0.178823843710102,0.318835564023907,0.366381026979047,0.401002691351163,0.223149065402142,0.473101542907312,0.75207672096477,0.28050524358639,0.24577959376731,0.176554903753294,0.456408542945582,0.703400797672836,0.460071542948316,0.288096255782811,0.215773821426182,0.239803688203222,0.218992065232177,-0.215364623806735,0.218858989094991,0.177193580187262,0.0940878020967512,0.429637990850947,0.185432481009241,-0.373655121366715,-0.0359534783843976,0.371540336814941,-0.0490692995131103,0.0156309563333115,0.0393224594009517,0.037155017235981,0.449054304126809,0.456092421013415,-0.00574744721073252,-0.144904173772463,0.264987453649986,0.34138611211369,0.315845487052536,0.0408238833548166,0.0205893901137355,0.267737287848541,0.298168501279843,0.226721479195365,0.357886088064805,0.450612772694407,0.328530857471972,0.294086904934469,0.231813999875869,0.210551942174337,0.359992164083847,0.662355872153888,0.711140727916623,0.462057871779227,0.341215595895617,0.692143717677899,0.0599306918194571,0.28663320010502,0.308337683100533,0.19342820854412,0.363633303850716,0.0334936198511109,0.564363692868023,-0.00419624396826003,0.542043470854479,0.464982322214987,0.0306915272680024,0.552445122179935,0.136232700442301,0.00607006977648118,0.14084709388034,0.100863209132077,0.170786744077446,0.0354906976200766,0.256425862143126,-0.0618724281842851,-0.300393815363339
0.0753162432275477,0.141183040741467,0.0181068821500718,0.0299603384768409,0.388791586178641,-0.205065337917414,-0.165313706862083,1,0.302123171879719,0.337937261848651,0.116735568520889,-0.0204576615233986,0.186839602790448,0.243886507527703,0.0389634955769371,-0.0963667776205046,0.20151202252479,0.195390098578507,0.208443231134282,-0.189787949046709,-0.0525738527943747,-0.107308698232523,0.0205435085936761,-0.0541329697924829,0.183043334495672,-0.0311196534477389,0.383855472965692,0.0787189209322272,0.0338197515288482,0.161757043329416,-0.110646133179431,0.606140519586281,0.642145084747508,0.530745022447476,0.271606253231117,0.56080135445616,0.401601047680235,0.105932116585619,0.20737253451392,0.181588773370082,0.315690536523244,0.630331086653724,0.782995283803015,-0.0663198751615536,0.0592511271295869,-0.00132986757227973,0.226738695110466,0.838223241173412,0.428945253485428,0.362538272807277,0.247173108798468,0.143937505567986,-0.0448770716235425,0.180716473205832,-0.00309563636754834,0.196695001835393,0.534096457454686,-0.0557146539038093,-0.338729988659559,-0.176824895297228,0.163165424700128,-0.139330577233829,-0.189600610432572,0.143891204851341,0.0575891332070891,-0.0426591857392189,0.00225589701448553,-0.0216198090774821,0.0281258795604015,0.0174794254440475,0.560037840002761,-0.156813833159825,0.057177404714233,0.285549887049768,0.057286258356491,0.492788722801856,0.42912811027473,0.302701088989818,-0.0265678577913274,-0.0621615266821525,0.296343603677506,0.332287273494745,0.671871668211948,0.789858043110276
0.249427200673477,0.272165989929261,0.387202687865106,0.23291027427395,0.182247040399151,0.459654383161151,0.305536946642766,0.302123171879719,1,0.547654308149988,0.525565455090266,0.289778035122017,0.446957315684704,0.365875000284874,0.358274804353094,0.404723703644245,0.488639995106304,0.370976125511806,0.220657409068011,0.327581915686737,0.349877511179983,0.42766549916428,0.437939443261155,0.402886961023592,0.348132844538655,0.20584270145278,0.125275694689677,0.22854656655556,0.194272086497445,0.204094904668558,0.162206752722225,0.426100687680638,0.139629163899853,0.279313168582258,0.674866481271068,0.260698348755705,0.316736276584026,0.130684778428193,0.23198152566473,0.373672343351419,0.358453762625256,0.312205356022925,0.324363072905626,0.263610173783711,0.421430331292048,0.179169286638837,0.0959850139718821,0.414255674568631,0.711295250583883,0.72281342984841,0.491392233032911,0.493805360892201,0.334395973694778,0.426520968947667,0.322306156555676,0.328409283440186,0.480204896449421,0.285067350083764,0.307415945786424,0.337910441751839,0.466883621718088,0.344315660230481,0.39302209717569,0.183869012576427,0.520582839279318,0.445675869023472,0.288673065380187,0.310741041755761,-0.0414533496811563,0.278192902879489,0.397112365144094,0.478347552435334,0.442979435251294,0.325608475667849,0.403017504958561,0.422277395951455,0.358406734894068,0.431984724214184,0.193659847016081,0.181577275559187,0.227925162714467,0.406420193955986,0.401159411717038,0.223353626967029
0.265956691039607,0.237592487765909,0.311611659681001,0.0814493392978016,0.187842231288541,0.308986450876195,0.178823843710102,0.337937261848651,0.547654308149988,1,0.401200045306525,0.255634142833745,0.45211683049249,0.428972147220504,0.28282721564082,0.235819750154137,0.37908852650141,0.513972252709962,0.437171305301464,0.237496795626919,0.25697777444199,0.417700690697772,0.359391925983167,0.318444279675855,0.376034947777163,0.182070666166844,0.208867844977407,0.335741970337973,0.199506192728525,0.145721332307872,0.221628827912184,0.39870550586448,0.120580264465123,0.323016954311404,0.504596756574577,0.21958030284945,0.284694173421615,0.27283545011739,0.276444218095503,0.264511861418331,0.33996126788919,0.301437384784015,0.332315336289203,0.202138631895243,0.351237659666414,0.0451486518588598,0.212422354957888,0.378545273505487,0.585478810573914,0.61447686256481,0.364600912868831,0.38668411263026,0.262661386928654,0.316594691285936,0.332755278852612,0.471464105238496,0.421676030844142,0.0939889040740782,0.190195785111297,0.106559994544049,0.478857395076828,0.263948233090788,0.200329822154977,0.254987664508521,0.381628102452677,0.316978252647684,0.305862118243514,0.319109489861191,-0.0395405313965799,0.181065374916364,0.396568632553872,0.29727322748486,0.353499951720059,0.344185901049758,0.345537527881458,0.4786681333726,0.267629198164362,0.424814922225021,0.180396483894022,0.210064234300774,0.305541116545811,0.388673243629106,0.315824721924482,0.231872868092004
0.0582693015744872,0.183464879705832,0.324801892553322,0.300622520590659,0.0244720670098815,0.387084984366542,0.318835564023907,0.116735568520889,0.525565455090266,0.401200045306525,1,0.609314589591388,0.412886339008793,0.259368351404041,0.212098369291454,0.411559948709907,0.409924372544673,0.229777399910214,0.139410956750266,0.431610412173665,0.41962496266334,0.406200570094683,0.335237384870579,0.420220758746723,0.215229362262031,0.18462831718147,-0.00519557922995435,0.269863624629639,0.133330908727834,0.0276196886798518,0.202728323253141,0.196169364633819,-0.072913395023861,0.103374864353185,0.510659844157763,0.0811079143204302,0.149740559508021,0.124079022088846,0.0432051482547681,0.228147086479373,0.137986661911378,0.1150910846664,0.0887910073037709,0.184904206195125,0.293911498870304,0.291958373473597,0.0470589214707603,0.217532719664339,0.527635273707522,0.520714910618692,0.562052409705532,0.6891231632969,0.642708099493845,0.41473201384584,0.343991871334669,0.20298860489981,0.212946545649844,0.359368607903593,0.366405543794769,0.353996165938687,0.378302851244003,0.416656100445128,0.410235972130633,0.0586796345701117,0.528063102047812,0.421615726958428,0.269598649730273,0.219925727435367,-0.0185596645311249,0.231222513474536,0.196292041122114,0.407812709256697,0.348792583244233,0.0522838531975601,0.31525365709653,0.219844491618827,0.12892306377928,0.301389476510929,0.0961269606400367,0.249465617270158,0.114754187784255,0.19114279197885,0.103236393228336,-0.0227746340087644
0.0840248319968098,0.0900983644038763,0.287397807022475,0.24234998081561,-0.0635577319805118,0.317761967080346,0.366381026979047,-0.0204576615233986,0.289778035122017,0.255634142833745,0.609314589591388,1,0.398770655930108,0.0110509337986842,0.0330785595392553,0.3823308454336,0.178652170098289,0.164264591196449,0.086116989642783,0.388572853547242,0.490662097941403,0.198785984924594,0.103007946970853,0.211373921515605,0.242285320455149,0.141395197537931,-0.17274946911281,0.268973125278332,0.0793250067918996,-0.100992236373885,0.134393482702117,0.0988082363421705,-0.158629680404471,-0.156405209320858,0.300647990693499,-0.107498840594211,-0.00872229481829978,0.0885891424446193,-0.0377351098511184,0.0908013370390022,0.170849671104438,-0.0788834622731766,-0.0459706605812505,0.0882009939249892,0.298602981960845,0.233860047747657,-0.106628710602881,0.0333875906684703,0.374128561424823,0.264863707832295,0.370986206363459,0.608683839726291,0.908720171358453,0.293431541124347,0.219016509717969,0.198427684810965,-0.0143344488918487,0.289785710018961,0.299990832320237,0.329711587971372,0.226198147371789,0.245621649687384,0.383084052499737,0.0328122078655407,0.317015927933298,0.182062846295825,0.0986136309053272,0.118981769185358,0.011134380300994,0.219238399204456,0.0117251054161392,0.302171051744512,0.185723715996803,-0.108590497766699,0.344180597960777,0.046911719966899,-0.0666769260182312,0.0891400345464062,0.0567421212120251,0.267622719222039,0.0250637689099472,0.278369496840324,-0.0699403743265737,-0.122959787136925
0.149706228612205,0.245031608369255,0.612720323581887,0.484028898858096,0.225364963996622,0.409316488489413,0.401002691351163,0.186839602790448,0.446957315684704,0.45211683049249,0.412886339008793,0.398770655930108,1,0.430290560072828,0.238921492754678,0.510871993706393,0.546315937430291,0.362006634681512,0.443187829008216,0.455767814808913,0.619410561534623,0.391218449270154,0.338590578456849,0.254960033793338,0.316630103220307,0.207356682282139,0.0910883257451203,0.416920115139123,0.215653060352658,0.055312543393089,0.197082415066744,0.408094817266789,-0.0232354648426032,0.237703558308863,0.499843284374024,0.122607706904347,0.219333053081691,0.101193072436858,0.233947928746665,0.262033413753869,0.422723338881789,0.276504570238396,0.224853639343978,0.161216373154586,0.380002231273927,0.394903893730383,0.155535185875757,0.308274386693732,0.43790721390261,0.530080659582791,0.384381767131659,0.392415124281529,0.450901258422315,0.44309311635451,0.500184107990817,0.540663392271316,0.427010658274542,0.205229459197409,0.228128385114658,0.396438663301114,0.525522912245398,0.358494921510915,0.488952348443702,0.290545431032955,0.3776810292832,0.3074406180424,0.228571272265709,0.447983057245797,-0.0119310944638172,0.207593855723961,0.313060010283553,0.402289721781278,0.365359500747223,0.326218952620109,0.435076062490387,0.498463966987268,0.339870816951385,0.351406645826101,0.211439369725044,0.230115702298142,0.308526629794443,0.370478822650962,0.268495499692727,0.0857661505810668
0.100635333088967,0.223314723618906,0.359803910034215,0.220969516654696,0.238728021408529,0.309674399832731,0.223149065402142,0.243886507527703,0.365875000284874,0.428972147220504,0.259368351404041,0.0110509337986842,0.430290560072828,1,0.299316551768327,0.307380123915163,0.32681055917465,0.396366798437154,0.39674164442654,0.229897947245122,0.294925285274346,0.298838692433145,0.383336450100293,0.246776304666068,0.205227099356182,0.169796581659938,0.105287645223555,0.279352920174745,0.165072824880516,0.0940840991374078,0.151060749390532,0.33223064392181,0.0801501385293514,0.364270131195202,0.422583040449408,0.216272632397991,0.267923768259948,0.0423570954990392,0.207827151715614,0.271412249247911,0.286730870375803,0.355704202302867,0.290839032266818,0.185125420484602,0.235291746181331,0.159674867642752,0.147465849149703,0.334580637564187,0.448747281580837,0.526167388323574,0.318610292722757,0.236336691762595,0.0652004898433412,0.249910770749506,0.359736401287811,0.395466191749446,0.410041022415708,0.0645196234427149,0.215156998690562,0.249672977149684,0.499769118782969,0.25949847405967,0.278874546417858,0.227860876924137,0.237628503098471,0.295715655059945,0.284428630274453,0.338160766349612,-0.0311409989432349,0.181799062140596,0.36361937815625,0.333984141462703,0.339335258919667,0.313393641084081,0.27450509526713,0.422909631524375,0.332176765709776,0.401318376928752,0.164687193287555,0.0239386585367842,0.17404898041348,0.290554798526491,0.302922763548116,0.149012299807056
0.18986800541105,0.199697862478602,0.225250976238181,0.125333969626667,0.114545304384678,0.490585492160615,0.473101542907312,0.0389634955769371,0.358274804353094,0.28282721564082,0.212098369291454,0.0330785595392553,0.238921492754678,0.299316551768327,1,0.296397543971677,0.354766389109173,0.224900591416355,0.189950526058878,0.205678022710235,0.249769490181905,0.370172690443132,0.317506280489398,0.234281712606019,0.290476051481249,0.136014224324084,0.039993229504582,0.0664380575321391,0.151179499980435,0.433215132441868,0.580552381462754,0.350021728302504,-0.100464788915901,0.326317327939655,0.470821678995227,0.440672330415097,0.115918125175294,0.106873951697047,0.229685888975502,0.606378666532545,0.533156360751054,0.271598607212164,0.225994932403282,0.211525233876003,0.305555210876704,0.0465351624981332,0.124375999521206,0.103344635084031,0.303912004218766,0.40415969066719,0.262028018394593,0.214857760405854,0.0934866605640758,0.3708624768764,0.198916350856897,0.231279563530779,0.509206546536184,0.178121551684852,0.243586471138465,0.247144624623043,0.425113982189785,0.291369148599018,0.239702985289361,0.164434441992334,0.338190696579722,0.300362495565203,0.143706455939893,0.230167605898029,0.0418833437541883,0.322499599348437,0.155490788723379,0.338949307176055,0.431828108913782,0.236358754518364,0.221257884772193,0.36986197725991,0.298886158481203,0.352056587582547,0.143098633510268,-0.00497266471525276,0.0853114443262752,0.254918282969361,0.135311433694014,-0.0111916302077261
0.184798401564274,0.354248611316573,0.656363273853851,0.621105552575501,-0.0051464461761588,0.783295283169386,0.75207672096477,-0.0963667776205046,0.404723703644245,0.235819750154137,0.411559948709907,0.3823308454336,0.510871993706393,0.307380123915163,0.296397543971677,1,0.388231480830396,0.27642196025363,0.133153226444497,0.476255809741281,0.810219118692636,0.449858589726778,0.342688759950931,0.286961053397489,0.185769721111509,0.189985413983308,-0.10332493553878,0.287816250968725,0.192526400802864,0.0331466269629206,0.176122896514641,0.224134344569795,-0.253545321693056,0.0751276611088795,0.474424149598437,-0.0328050517190147,0.0902795256195499,0.0281844753369059,0.124465618753087,0.396085992980683,0.272052146533821,0.0135925996508061,-0.109146567458936,0.262525554127312,0.461061570034785,0.464686831142071,0.0167417785297102,0.120871072983003,0.366214546557238,0.408665798843061,0.332656145583012,0.368658740187982,0.47386389648878,0.345432940329524,0.34700034777308,0.178519582590621,0.175058507452247,0.364734026360898,0.594561198787871,0.874571003077062,0.493239313867344,0.396559654870179,0.845398706705299,0.0861287889278471,0.368608895652772,0.360615781568693,0.241340562354746,0.409444821073889,0.00733564561149271,0.387359360523574,0.163915422269329,0.558274897810379,0.47428273453283,0.0803048992826215,0.599253787443973,0.178278213748637,0.120908403602404,0.212010830262812,0.106959617149276,0.238747450072424,0.0745966753758556,0.208073211200772,0.0251077401656881,-0.196075432430538
0.152078308275592,0.269269383355565,0.503539165694438,0.343430312526002,0.224779037808951,0.346543676479963,0.28050524358639,0.20151202252479,0.488639995106304,0.37908852650141,0.409924372544673,0.178652170098289,0.546315937430291,0.32681055917465,0.354766389109173,0.388231480830396,1,0.259012013525959,0.209214551581501,0.341939553555549,0.398225194871089,0.313375073158161,0.29660431664135,0.322411536605273,0.316629219836645,0.0602573708598768,0.14903695872019,0.229475753700821,0.195083173260663,0.18816869624797,0.211317754623428,0.392163142513893,0.0773743746004337,0.348582946603939,0.547351818902681,0.273170207579627,0.232724015847869,0.161295362654041,0.220221920706936,0.34281389566455,0.358635512978034,0.307794276933648,0.256854256780358,0.0756179465190506,0.35199387015249,0.274836786056692,0.131113144771383,0.315920089791765,0.366007515475727,0.507322160551938,0.402864006189305,0.392675366589736,0.208960054250115,0.799703893936921,0.287274959698467,0.284420496709425,0.435887988580054,0.541690287056336,0.105319852541685,0.354551640030897,0.438490032972465,0.393488558115397,0.387076840651438,0.208562948916003,0.372031200462552,0.274570886120767,0.22460212619244,0.241889681975128,-0.0922240006825044,0.149460070596589,0.259160193673068,0.32277108518974,0.296044644019997,0.2736702770133,0.313266821953829,0.428416113560775,0.335912385383196,0.29312330072667,0.155681283263287,0.219804881054663,0.167926853518647,0.19532895479945,0.316196507249373,0.14189108997009
0.212029472470295,0.200369680055289,0.35602532207858,0.197077721831117,0.190238295773797,0.447192098071892,0.24577959376731,0.195390098578507,0.370976125511806,0.513972252709962,0.229777399910214,0.164264591196449,0.362006634681512,0.396366798437154,0.224900591416355,0.27642196025363,0.259012013525959,1,0.523291375848123,0.421972103428531,0.246465481736678,0.572340364197677,0.368219323948321,0.312027313319895,0.635833942272516,0.275437966924838,0.173360023997205,0.48162906868913,0.376612372514977,0.0436484746674865,0.185104634026807,0.194335157993026,0.0326661042193074,0.157065731867576,0.495899709872081,-0.0646273035520887,0.205720250054208,0.437946865312674,0.160624017917277,0.0962192091159767,0.247485057873933,0.0967726799423438,0.11398407431097,0.284348082622808,0.457776528086913,0.203746893181391,0.175176822679341,0.346290219171838,0.390912641833921,0.412214861260309,0.245435056839537,0.28771357311977,0.17225002555484,0.310051142437848,0.436521854176637,0.483947937599736,0.206314776393757,0.233586009739399,0.319161490812851,0.137835780539122,0.573271705169733,0.373964818008535,0.256626404544768,0.396569405457467,0.381417648055638,0.452706600055168,0.571560679120198,0.367005963126905,-0.124400768570642,0.280915169349105,0.190138652670079,0.461427491347006,0.268764943905146,0.335010430132364,0.579129394365618,0.393392587606812,0.0168511063254718,0.480292636489727,0.303360651670714,0.32619491808564,0.175366040497854,0.422851586252371,0.20838560755949,0.114064154493761
0.161350527746285,0.109450824921863,0.253752329633186,-0.0219618872721034,0.295820787935797,0.162788867166548,0.176554903753294,0.208443231134282,0.220657409068011,0.437171305301464,0.139410956750266,0.086116989642783,0.443187829008216,0.39674164442654,0.189950526058878,0.133153226444497,0.209214551581501,0.523291375848123,1,0.235772968576506,0.182683968338723,0.316099315559803,0.184301951932254,0.12316012829378,0.328435430509786,0.159014888955296,0.144343502054966,0.375472123854042,0.112990977585387,0.0602090390903128,0.0877564869922419,0.263894728426344,0.0542221975677765,0.138178237916945,0.218317055530353,0.00627624410146886,0.128963966755088,0.0834273863405142,0.168695703810228,0.000890448432823906,0.351734646039313,0.28924281161097,0.225436948057253,0.0931105124333574,0.238431198843442,-0.0183731716430765,0.194911714665666,0.273316765266779,0.165762946817763,0.275928509962485,0.0970109036698469,0.147183482000588,0.0751575043401969,0.152395050291656,0.330817750426908,0.585723883796163,0.30416026678859,0.0522754600349833,0.1039547258507,-0.016472618373174,0.488841688263466,0.209591132207686,0.0863070795434261,0.257399810545805,0.116431007317692,0.196552374284005,0.266538892293165,0.326760475276365,0.0126523097084266,0.149599994036984,0.102708917475488,0.204576752512388,0.0935735515670208,0.301240921182512,0.344991525776188,0.34518485178701,0.143690719250656,0.171400531137822,0.227781362368927,0.0407229575762646,0.299037426858726,0.313807751108055,0.21718082277,0.144675782094706
0.0595554043619946,0.251859186433719,0.430974207702328,0.51169920688036,0.0716074631401468,0.516540585310709,0.456408542945582,-0.189787949046709,0.327581915686737,0.237496795626919,0.431610412173665,0.388572853547242,0.455767814808913,0.229897947245122,0.205678022710235,0.476255809741281,0.341939553555549,0.421972103428531,0.235772968576506,1,0.530769462113153,0.630685061203842,0.325936960812267,0.428993357948302,0.392496671764428,0.29101792910209,-0.119152322494986,0.455609242044719,0.156573295420896,-0.0542170656232901,0.230237524230701,-0.0895429091454042,-0.271026658168588,-0.222793065717868,0.409039951602379,-0.337450787761635,0.0250668758591093,0.201273840064643,-0.0404496796604978,0.0322925303343168,0.0602104746799799,-0.150291077481644,-0.236078152308778,0.22791512887597,0.371161550564903,0.524468059195528,0.0443753348611999,0.00461774252657443,0.221048557500308,0.275503783588592,0.261209855921666,0.39852686540768,0.484887027733378,0.353213194189031,0.421222023340903,0.335815977265373,-0.00120589501075836,0.382616488176054,0.466139203514367,0.377926009822528,0.384010778036558,0.507667716353517,0.511181655163221,0.164756488364564,0.482728071992539,0.464740434666077,0.474144185749294,0.434819571311358,-0.0679821198951869,0.299584155324981,-0.129818362946379,0.60552906938682,0.255401015303266,0.0189524493360477,0.46880046211785,0.102342780540082,-0.133876105220632,0.147083038140147,0.243861003096224,0.340206270883425,0.0613885819671589,0.209424164938056,-0.101115197217264,-0.301665956776199
0.18263943989789,0.293034334699831,0.589355122133357,0.589669771511044,0.0428315324350678,0.608041048756057,0.703400797672836,-0.0525738527943747,0.349877511179983,0.25697777444199,0.41962496266334,0.490662097941403,0.619410561534623,0.294925285274346,0.249769490181905,0.810219118692636,0.398225194871089,0.246465481736678,0.182683968338723,0.530769462113153,1,0.407091035647551,0.26019011612001,0.202792838677359,0.259069249262258,0.188439153853427,-0.0760281059567107,0.334149804551418,0.157645162484727,0.0232436261205907,0.162886057533259,0.267455244810113,-0.203940683652602,0.0571529122972062,0.457321962635474,-0.0360143551822979,0.0809856470231183,0.00867549161296551,0.111356142512869,0.301108330947341,0.328138646786627,0.0785438039988447,-0.0316865765831655,0.184981876608518,0.403590409324209,0.452213634014024,0.0633219872354218,0.126696531266125,0.360940646563902,0.400402245268593,0.304894419056525,0.41058636699087,0.598580176759784,0.371021683153373,0.316784493466425,0.271752581474185,0.207392778398727,0.343277039238195,0.514877351740293,0.736175475701203,0.463817463137841,0.313977582183604,0.779901945313173,0.133146718717282,0.362556045877373,0.267666049862887,0.202413898977694,0.381283146773921,4.34868465475903e-05,0.252135272106125,0.105813790676288,0.464423929137957,0.312012687457262,0.0845716684383912,0.541357454267676,0.223897753625603,0.15448499369586,0.204442598252158,0.0844583609815971,0.176811238195934,0.111632314894881,0.264938380419295,0.0673601261230588,-0.125089104099158
0.128114288568715,0.216153161901438,0.362089227053168,0.382359514784554,0.070989328577304,0.651161478881836,0.460071542948316,-0.107308698232523,0.42766549916428,0.417700690697772,0.406200570094683,0.198785984924594,0.391218449270154,0.298838692433145,0.370172690443132,0.449858589726778,0.313375073158161,0.572340364197677,0.316099315559803,0.630685061203842,0.407091035647551,1,0.482666312532764,0.529743297940564,0.445879525416919,0.453026888318987,-0.0888745425654227,0.425181126715827,0.324433646199587,-0.00531880059500391,0.401984745673387,-0.0224055503859973,-0.23995420275002,-0.112885527904654,0.478843142408949,-0.217586126190478,0.0585756755613501,0.312630466052051,-0.00501736288774714,0.164789698929679,0.0985053111952334,-0.0693308578875183,-0.191531333801012,0.333193978049246,0.455274166229162,0.419688312057647,0.0521215767781005,0.0481579314389449,0.327667494950249,0.403683005667463,0.322640211961221,0.419301508992514,0.363607112373802,0.346207401249988,0.51299500100013,0.366094567339947,0.0536556035247661,0.355873206621131,0.65850943464,0.285331989547752,0.544981675788215,0.600309934879506,0.454099103051408,0.106469486267644,0.628493260393678,0.608083304486942,0.642919925210485,0.451684883873753,-0.14080236404251,0.385158349700385,-0.0774422625644741,0.657802928545728,0.42091356092951,0.126418712888857,0.528096302054645,0.159509058263993,-0.183028523397156,0.283749780583155,0.340229302723681,0.275643543677625,0.0142454111835198,0.122234589449825,-0.0696514115481248,-0.279500620621271
0.178155805276072,0.203567806827718,0.383740230728234,0.32035645819918,0.0692863378764191,0.499134360678904,0.288096255782811,0.0205435085936761,0.437939443261155,0.359391925983167,0.335237384870579,0.103007946970853,0.338590578456849,0.383336450100293,0.317506280489398,0.342688759950931,0.29660431664135,0.368219323948321,0.184301951932254,0.325936960812267,0.26019011612001,0.482666312532764,1,0.474938512291651,0.232005416186886,0.264409316616663,0.0716284014912925,0.266432549145887,0.246971716383526,0.0570515100121821,0.265652111484356,0.0986635275645873,-0.112756411586658,0.192617688644035,0.503581514241026,0.014737255550805,0.280853417201744,0.189743065779566,0.225286874739749,0.186769186956691,0.100440445888596,0.0916111055268914,-0.0153986030024705,0.280351304338398,0.384579549628322,0.30652217813143,0.047601690106192,0.223855122362421,0.457758723893756,0.513204497422086,0.305692075650709,0.331829351233881,0.193930863211687,0.249545136105266,0.379334198583184,0.252479085383959,0.232397488528655,0.151411604130286,0.318985434435524,0.353812262976916,0.447114040074597,0.401537352876846,0.354763941417031,0.231066422464036,0.426271845055985,0.494536332742802,0.430819166056606,0.278135433045593,0.00607094334193654,0.299242604417668,0.285448882733643,0.522635927127968,0.501014580300487,0.21188311895202,0.401155308367104,0.335071963141443,0.119489505339251,0.467179076611796,0.23858387818729,0.223693678089942,0.138081615161846,0.196211054520161,0.169119860557384,-0.0148760236185194
0.0488197486219053,0.236350939745419,0.259107046781572,0.283415456722688,0.0593143660548043,0.426455542216467,0.215773821426182,-0.0541329697924829,0.402886961023592,0.318444279675855,0.420220758746723,0.211373921515605,0.254960033793338,0.246776304666068,0.234281712606019,0.286961053397489,0.322411536605273,0.312027313319895,0.12316012829378,0.428993357948302,0.202792838677359,0.529743297940564,0.474938512291651,1,0.237666767388646,0.320475844181225,0.0551909540988609,0.228816244331755,0.219701719760703,0.0162211159344746,0.207179426095198,-0.0227887356496926,-0.128810671617752,-0.00949575242547804,0.378161597721298,-0.0977879425054688,0.100934653249134,0.238992695975505,0.0751893343086497,0.131165792597449,-0.0270833357055149,-0.00613989664915393,-0.0922924583675288,0.262048226784174,0.337571119311208,0.316592248180565,0.0589883591359181,0.102511659067015,0.303909858187537,0.405956266136265,0.31902594831236,0.375163385592854,0.269174407507634,0.273497174239639,0.347736850381787,0.217157342934133,0.107473501657009,0.285616585130488,0.370172620100703,0.249820886058759,0.344816682423968,0.491699189887344,0.304201365391464,0.0967193382055773,0.46946189452478,0.543255853295552,0.431452983640275,0.292454884266335,-0.103418960593805,0.224574246716877,0.0853498064709161,0.497046962147486,0.356584841868512,0.102895966132292,0.320900198199079,0.169053447804467,-0.0339649726641782,0.280199990439964,0.215751516399645,0.246904682697969,0.0737363402447989,0.0692719523767636,-0.0072615791345175,-0.138179572909805
0.178751092907934,0.123441865481502,0.368150246361974,0.17338188615142,0.108960825221331,0.33881972149892,0.239803688203222,0.183043334495672,0.348132844538655,0.376034947777163,0.215229362262031,0.242285320455149,0.316630103220307,0.205227099356182,0.290476051481249,0.185769721111509,0.316629219836645,0.635833942272516,0.328435430509786,0.392496671764428,0.259069249262258,0.445879525416919,0.232005416186886,0.237666767388645,1,0.201025672566941,0.220954720249838,0.416051207579897,0.232019363045858,0.168930347938572,0.343698461892271,0.290387299895529,0.122424815767543,0.15474867249026,0.481616530325467,0.103128649538383,0.0962636933861888,0.56899676521159,0.110548249793447,0.281352846251126,0.422820146179296,0.037781322875007,0.204509090579083,0.179901701680947,0.391237434931134,0.172825769203864,0.113942902514791,0.284543235204912,0.303968622729322,0.3109706833273,0.218012900611826,0.291355113915751,0.203051219077132,0.443228424524488,0.328694576023457,0.423278929049463,0.222311508607267,0.298251336204625,0.175815458913526,0.0550148908150459,0.340171747014897,0.339696261911638,0.180436362395721,0.457573558096656,0.353428844159478,0.32167656539571,0.485023848301322,0.282878634970477,-0.176138785910399,0.203429265801097,0.047125560505109,0.422062791458554,0.165780813120138,0.275437710346227,0.495309317905843,0.362796676364081,0.0164229700730214,0.455883359919032,0.133079099979356,0.36323479004165,0.0775728593280143,0.60802317526215,0.148620039796342,0.169024708537074
0.0874112857337072,0.193827985056758,0.162086614632826,0.22919353688484,0.0912615332085087,0.32361796671472,0.218992065232177,-0.0311196534477389,0.20584270145278,0.182070666166844,0.18462831718147,0.141395197537931,0.207356682282139,0.169796581659938,0.136014224324084,0.189985413983308,0.0602573708598768,0.275437966924838,0.159014888955296,0.29101792910209,0.188439153853427,0.453026888318987,0.264409316616663,0.320475844181225,0.201025672566941,1,-0.0873437842197702,0.312033106399407,0.129104026720754,-0.0411754120688827,0.157522868029982,0.00486334389530728,-0.105913210282867,-0.046607549128503,0.216395777347144,-0.144911419822814,0.0851158049212834,0.143168738888688,0.0354423647639414,0.0532462629612562,0.0419603380316547,0.0471171396205983,-0.135560990537835,0.120621187054207,0.260704989022951,0.247193432191286,0.0646160397736434,0.0312810680559684,0.175824856905622,0.21172813941827,0.144199436562819,0.226580231588631,0.217974406590415,0.0712965196907703,0.305111921135568,0.149258041704867,0.000212846862455996,0.132687795489688,0.321620936724157,0.156521891848626,0.280548144505876,0.305026223121033,0.236987836016429,0.0711954789139508,0.283593907008503,0.33951439098222,0.315661044879729,0.277206060204958,-0.0225123634559845,0.148351150946184,-0.0658087398809139,0.339190360832294,0.161349047553202,0.127116259136203,0.25808361983891,0.0742557594074331,-0.125599937950504,0.139227283338775,0.176221292610457,0.0839316079879412,0.0646220966678229,0.0700715109491702,-0.0442823113167308,-0.159405155999352
