1,0.33993234583922,0.173549464639912,0.226400991993779,0.418687948352351,0.224988741018006,0.289604754853766,0.386337197215504,0.148919430393274,0.0711002697102275,0.0994448403917081,0.282364808940264,0.288641934729068,0.178068905169115,0.165127589790357,0.383419719105734,0.151278385186165,0.112556395436017,0.226717767771081,0.231916649653622,0.121200154777347,0.0286567241397827,0.106213232495615,0.0787407892807766,0.248942788450459,0.235796666366931,0.0479237650235228,0.0553178761361986,0.277958185543382,0.323810343026694,0.346548466349737,0.170018525513958,0.277412127643818,0.175347296082544,0.259957311974074,0.313584663070434,0.318136759410645,0.219836728479341,0.229831109859758,0.463152337328848,0.377875383811002,0.253606930140706,0.367782774099363,0.340706647860381,0.212811091729764,0.334892887827872,0.343348178606404,0.265673033714113,0.340689023025639,0.170882932375698,0.0831609788021068,0.246555819279535,0.225902019877123,0.186047898042998,0.137692176650016,0.216730154361425,0.202079172670957,0.196071506373138,0.111281619101399,0.20523338628496,0.101919978980535,0.140053293004425,0.23635983809886,0.182248007672595,0.111964703553533,0.0807907634671285,0.224397003856055,0.243841084153549,0.136627318267769,0.3284949676166,0.261161143428121,0.346216126767281,0.364306621455624,0.27452895337403,0.222585014397325,0.262681786099663,0.304277012473298,0.112201519125429,0.232757911111063,0.135982278419144,0.209760732584136,0.423807147684074,0.290051131061052,0.333737284828844
0.33993234583922,1,0.496812123989224,0.549556010486131,0.492612088376488,0.344448392655139,0.498242514068101,0.358009403203929,0.2380289825708,0.116707331537948,0.201072527623636,0.389157739660092,0.319992105668957,0.253245527517984,0.271775719787644,0.333867981691084,0.178671227544758,0.3331005839892,0.410915953651526,0.205329830484583,0.262368332145796,0.0450888957967981,0.193405196423234,0.110044063297583,0.245534366611912,0.211689028205902,0.157306539598492,0.135969755157618,0.310611768342728,0.34707168418282,0.371829595935611,0.110986745744558,0.267121011458087,0.162523785489055,0.271454818101905,0.233088330033037,0.206186083921041,0.154300028282709,0.226518567711022,0.418822498456014,0.467717660376658,0.19630884443617,0.371692661323822,0.534292863938713,0.481852380696434,0.598617570164557,0.406001117144617,0.451078193102269,0.356935020211531,0.338192333949606,0.220211114095162,0.285816218499143,0.480594046477854,0.222973103862007,0.14068964340193,0.314048545344576,0.365640279976575,0.369585131192472,0.079724835108922,0.331315574918462,0.156467109730692,0.19080399165142,0.298396367747156,0.258148647507698,0.134268713801999,0.14959668088889,0.17999065569759,0.288837447774813,0.0550120245294004,0.453965678097753,0.248224717664958,0.259277180875162,0.353044342038911,0.259964233414855,0.29064940585977,0.302968861776048,0.402450116627416,0.124260409565433,0.17772063383369,0.0930296994224626,0.254830030769187,0.522684028885273,0.273838667350986,0.320452745223068
0.173549464639912,0.496812123989224,1,0.797343339737109,0.300989305305792,0.260186875764865,0.5863305258595,0.0751731040908823,0.270224907863155,0.07671187568591,0.328549141569036,0.493379764017993,0.399934148791586,0.431968792103467,0.392102716643128,0.362937255927591,0.209021990262841,0.412841550911618,0.734891476449905,0.313863070805433,0.430343538854876,0.106246321490024,0.177402125395285,0.156414712451722,0.16542490079978,0.255429643037474,0.326220392248465,0.199294965424555,0.292706423461725,0.273453404577949,0.348072573714453,-0.0835841415680283,0.189505341988249,0.0330095903424209,0.187150977529836,0.186707612287987,0.103238397704663,0.108978455321214,0.00515402526603244,0.365521002042968,0.304788555782494,-0.0191857223515542,0.205713055208508,0.516965312774326,0.911676906303985,0.493380310195973,0.419155816310095,0.405286307229033,0.374690550668706,0.379622982252913,0.311709452916126,0.343492866315812,0.698511627837371,0.18098754506241,0.30306466023861,0.334862514923518,0.278080531230996,0.407452202058024,0.126894004015143,0.392264869929744,0.274009078965059,0.435614505257895,0.497708825795718,0.264836445032744,0.270192635006345,0.205715671886856,0.167823445675313,0.32304507550918,0.0610480150244645,0.71211108003516,0.199154112592749,0.328449799582842,0.343735407287627,0.21048457425263,0.217802312326495,0.137986977896064,0.4508262510389,-0.0323693898004632,0.0962998988986017,0.141355817636716,0.0618146654194691,0.426585735041291,0.0700332584897693,0.142699930394561
0.226400991993779,0.549556010486131,0.797343339737109,1,0.366390728380435,0.286782613882754,0.489438325907903,0.0799103400567294,0.292325064543754,0.170266915600663,0.384108914027153,0.564659235454081,0.450535720457537,0.370209952944545,0.356069435685277,0.349422347871278,0.190830846778319,0.510724891178112,0.656076826387766,0.376020924345397,0.424402562696644,0.137848098527234,0.207070003339039,0.239683047435431,0.178216892911246,0.226811569248681,0.395922587176904,0.299271338818421,0.310556999968213,0.249900203207401,0.321331337598545,-0.108610724170102,0.181843947236642,-0.014173814037856,0.186763264394957,0.292676324390909,0.0969847231598485,0.066381225608975,0.0825139161805358,0.32604374118245,0.376520477592244,0.0286610347633157,0.243974052139219,0.494397044530008,0.686262572720568,0.562774184742389,0.439823590926136,0.425512927286157,0.449514101343571,0.465676655751926,0.404891897811387,0.407139719800758,0.698809412413763,0.256815785155942,0.278689752327292,0.429020423892211,0.296357533288084,0.417819455992709,0.144092498273185,0.495807559550379,0.344673130918565,0.410941076493163,0.533277263624598,0.300625260302299,0.33790783372188,0.303427479705393,0.248455991846372,0.400944898202299,0.117509446653607,0.623521708661114,0.184381648769238,0.315675856547684,0.321548362476918,0.220250942770875,0.442713249613722,0.180506969153549,0.413718545721908,0.0112886266435741,0.082416118288754,0.261210940813754,0.0611113129937245,0.475987523130001,0.0692687251421581,0.135067389395709
0.418687948352351,0.492612088376488,0.300989305305792,0.366390728380435,1,0.285502664049177,0.596682445215701,0.70061846927478,0.274554550619609,0.0942596193846638,0.206478463682002,0.352554765163365,0.358861056868019,0.269956397706843,0.291865189472156,0.400119332865192,0.296611069730744,0.215883619533815,0.249125219402501,0.159978373937409,0.144838546730386,0.0711917378435217,0.129998109738069,0.141447101778557,0.394024255671873,0.318750861859354,0.132296899558513,0.0609504316275361,0.17786470401493,0.509368397643779,0.460294319485066,0.365864974051878,0.383078678549877,0.258169676563892,0.249107109550199,0.330821817714734,0.31005726625397,0.251844454185963,0.401190382445229,0.630622821734868,0.605468815849501,0.357740013085637,0.587424453258281,0.511300267407683,0.326719418009814,0.597324639829383,0.510213989638307,0.457730523214574,0.457578381246466,0.281015412088667,0.13103029750291,0.365804067960919,0.238257261343989,0.301592863747521,0.111037665267707,0.264638730381467,0.284179204063456,0.44642538153359,0.159998416269656,0.289735968975,0.0362768465026105,0.0889291008159125,0.212586439894935,0.194665437530668,0.214771103335548,0.126444239914525,0.254163585396597,0.305330597453636,0.0453533381411399,0.350128137536971,0.384252339236027,0.409497595392465,0.486626912635267,0.386323527886123,0.181597473488801,0.48183190197547,0.413107868221709,0.222110043404027,0.355579471356579,0.093024417769075,0.425030070568961,0.625013334722079,0.541908516682097,0.531511408717624
0.224988741018006,0.344448392655139,0.260186875764865,0.286782613882754,0.285502664049177,1,0.452853373207759,0.296300756508302,0.399137986859807,0.0632412190341456,0.28000449928946,0.408371535072999,0.268819304588357,0.378471698911764,0.166691897543185,0.292412380146379,0.0766254778778374,0.58251485519608,0.287088088500114,0.401130451360394,0.373684547297235,0.290824432481501,0.351078214003294,0.362287977900935,0.629642854281113,0.283465491069158,0.35149049879007,0.479462078316028,0.0353657944339438,0.371009129403814,0.467995782109877,0.300170068947526,0.46559413055213,0.357597849248999,0.68039572348275,0.541394020806926,0.471661592022849,0.329874717414344,0.15370939860192,0.39517326864156,0.520501842716341,0.152425298243742,0.449197745714921,0.401628931989731,0.41262761614744,0.405632000518785,0.366269217326098,0.652954183692646,0.449020197618273,0.266590073777089,0.322986781864875,0.335973029083559,0.502985775211032,0.330813374048218,0.240223715086874,0.427576382772904,0.843156884918236,0.31738993540558,0.0070744283208106,0.43955063618234,0.340057457785057,0.136103986361022,0.450592105625218,0.723263687836107,0.379506991633004,0.391431678530344,0.408589296732889,0.582450584281194,0.049232711371137,0.222598928854634,-0.0276932147237478,0.186420441711286,0.163319763790664,0.451989188771119,0.406371278534358,0.486154596483825,0.20749071635742,0.491924959358996,0.260167132566535,0.373270780593667,0.145659832529636,0.441060217898372,0.314297842216901,0.232706081789448
0.289604754853766,0.498242514068101,0.5863305258595,0.489438325907902,0.596682445215701,0.452853373207759,1,0.567373661306385,0.115765470263694,0.0274831226665007,0.177950601616774,0.36426841380379,0.293784865535017,0.299767397478649,0.502774693761433,0.476467046608319,0.26473752163128,0.366177468099802,0.390707420149715,0.189607431354412,0.187244257757724,-0.0812485361087083,0.181742900699376,0.0549419415589279,0.397114047220836,0.297901450716139,0.130158499543654,-0.0269722018511558,0.0592156448497674,0.679973258019836,0.584659866730191,0.472067998178052,0.429582118619979,0.412380271114879,0.295562578340074,0.387606800249117,0.242109246829904,0.397916973916071,0.278512352731483,0.637224447347031,0.6230334137503,0.209309544215343,0.645772432862279,0.648467060569678,0.612224738545755,0.592483606905526,0.552906772360896,0.625951304387786,0.303610273347993,0.263801051850466,0.0315547961481538,0.357300866679498,0.318570220096222,0.224360227104582,0.0800044899842087,0.178950413759608,0.394076796741327,0.498376347852039,0.171821925317233,0.326179607933965,0.0418558587639643,0.220252300340722,0.364836782979105,0.11652634201435,0.137952405112657,0.0919169317778741,0.184730395540879,0.232835710055521,0.0209657446466066,0.439719338529569,0.35072607928652,0.244728342647567,0.390261837558269,0.384121967277651,0.184651788633044,0.51014630098049,0.533960104948486,0.205004978390219,0.226988282689566,-0.021336368667404,0.38053853006778,0.576602679731023,0.452472511864872,0.495670517809595
0.386337197215504,0.358009403203928,0.0751731040908823,0.0799103400567295,0.70061846927478,0.296300756508302,0.567373661306385,1,0.191286601302096,0.0222455605837547,0.0186989464618873,0.185034035054099,0.19032206679664,0.195335854420837,0.189573207972399,0.262607008191116,0.233508195923974,0.154588968890588,0.0640140899849381,-0.0624849901721573,0.0119880488831337,-0.0447219187695257,0.158050122886612,-0.0387434616315547,0.399670155083312,0.253169021145995,0.0191439316799096,-0.0447673092124598,0.0504044346164354,0.452022495207633,0.342827142005842,0.618092426781795,0.514143590376286,0.339467236374798,0.220940111295696,0.209885909155744,0.249451251054965,0.17612881087393,0.526705171837317,0.494738327128862,0.596465276465482,0.447231725640961,0.63605751994518,0.474096029496959,0.160971555136046,0.543193306321096,0.469890803412103,0.531910125072648,0.303343892874815,0.168141087653259,-0.0284214126487529,0.241929739064287,0.0179280535282291,0.249717360827029,0.05842804925376,0.100989826501005,0.31610409025167,0.355828646341654,0.193293481977006,0.203266131397266,-0.024836237786475,-0.0718234341627545,0.0561450093128215,0.0762367224088302,0.0845485930447367,-0.0333306536032476,0.237439838927967,0.181680420765891,-0.0262781334166647,0.128937274535214,0.232435048955796,0.21260986046909,0.331449474780054,0.481367419228774,0.0703989120304484,0.533159306138745,0.237657448081777,0.276498098072013,0.317448345744044,-0.127982648944434,0.600549131456614,0.556898819066588,0.712655903045195,0.657126878926095
0.148919430393274,0.2380289825708,0.270224907863155,0.292325064543754,0.274554550619609,0.399137986859807,0.115765470263694,0.191286601302096,1,0.227478082096121,0.56401341285456,0.370159178097655,0.496748341535113,0.558609047060161,0.280893509383181,0.248492924231861,0.426194331926561,0.431378149481261,0.382460998850226,0.478680686382155,0.553388325413521,0.678078459815409,0.365470433003102,0.545441670308329,0.394538140435065,0.403232371807578,0.458436277789961,0.54885293175067,0.178102590555582,0.146922583517929,0.32251540259376,-0.0153676220181915,0.182107039561075,0.0327508198235024,0.416409252961259,0.335106323639454,0.396942719526687,0.0904559343338683,0.146885923243085,0.314739771182829,0.428980711676768,0.114738106011785,0.275944023235493,0.193509615641981,0.348533658807228,0.240037872381324,0.239069313248893,0.318610319374811,0.662606902164058,0.282001219168223,0.523412016378172,0.214648334757943,0.528606409102656,0.429361124333195,0.425362439706237,0.516164051195439,0.369374981016803,0.451267050458787,0.142633110814755,0.430225005007755,0.417175701752733,0.278625224356009,0.399680102457867,0.603764508549067,0.611705234215209,0.44571500604059,0.409830391152674,0.590743541742081,0.125794610262787,0.311760691809802,0.174714546652618,0.42216174929306,0.352186358525074,0.26810750782809,0.338427642614873,0.261930020459889,0.253319677825054,0.285630825850096,0.223899414543558,0.528725110130507,0.187152490892374,0.39627967480122,0.12641576190341,0.141727411386712
0.0711002697102275,0.116707331537948,0.07671187568591,0.170266915600663,0.0942596193846638,0.0632412190341456,0.0274831226665007,0.0222455605837547,0.227478082096121,1,0.284789123972077,0.319297142078535,0.294721674771166,0.172109314803842,0.00925136541481328,0.0428900016689527,0.326077434451515,0.135520203624841,0.143179270111386,0.167795872992423,0.238742886638812,0.230812662333951,0.046047930905776,0.241687758201307,0.0497087040255465,0.0823538743045235,0.146204681278858,0.214296051033722,0.0632755465878262,-0.0538400815323285,0.061451128244528,-0.0612161794578002,-0.0563153907668969,0.0154950264002623,0.0750223330523675,0.0448457155073205,0.0584623369645732,0.0147938205452692,0.00558622792455957,0.0661951097254048,0.0825632804530628,0.108999737428276,0.0121590227740521,0.00011573987959442,0.0761709610044203,0.0920602980970039,0.0830600725857744,0.0903608550898755,0.226278954452156,0.29276655752141,0.333051312067423,0.347618842060808,0.198114188327734,0.234368209638902,0.154256099452349,0.251915145791537,0.107212382862416,0.207537569482808,0.0855444935855158,0.219455566985668,0.203675703232855,0.0139262998007851,0.153397456213578,0.117165098272486,0.191206351792907,0.203425171173593,0.116303945612963,0.148143918390142,-0.041492099482241,0.0689573761644641,0.121332057807648,0.0854189746094682,0.127392018835084,0.0789292385135057,0.146658284624948,0.136184814329355,0.1098829883163,0.150760530628136,0.0293787641044565,0.147613840515509,0.0382413797815404,0.132305662558634,0.000318957192774635,-0.0173213815840299
0.0994448403917081,0.201072527623636,0.328549141569036,0.384108914027153,0.206478463682002,0.28000449928946,0.177950601616774,0.0186989464618873,0.56401341285456,0.284789123972077,1,0.541754992089616,0.501759838885363,0.454203242748426,0.241388481702417,0.238379530814553,0.283105526132494,0.377252969950995,0.387810401355107,0.433695518006279,0.475434650346077,0.529124259025405,0.253206311393914,0.571809661742169,0.316953612781037,0.303989376827805,0.423626772830194,0.549324548425864,0.178279803872159,0.161658739814745,0.328930985033961,-0.0261794447504528,0.0971470021143487,0.054838265379118,0.381193410395974,0.279035636423444,0.303657039506918,0.190008455754828,0.165116567410708,0.300269680294255,0.278111768032897,-0.0445952275585116,0.226424863294421,0.176903616781145,0.333122019970611,0.164260108827704,0.15773662548537,0.228942222684495,0.58679311660634,0.398418874772063,0.619466362159003,0.360896984001167,0.550220560200905,0.262893405695089,0.292944303811171,0.547341650426581,0.26973798076965,0.452899472325055,-0.0799345391424814,0.344902579174226,0.332890616860493,0.157076860723712,0.337671458909897,0.521975666244177,0.565166418541319,0.468150652418606,0.350830440197225,0.49029304704226,0.185489522710492,0.253494006631903,0.20645990419857,0.292527463695671,0.245127259061865,0.216873735115386,0.268146580497404,0.149464571590728,0.249922604934504,0.267253947953775,0.209590916437626,0.510442942434571,0.0998186872529077,0.232453229477592,-0.016862149479523,0.0332675142576458
0.282364808940265,0.389157739660092,0.493379764017993,0.564659235454081,0.352554765163365,0.408371535072999,0.36426841380379,0.185034035054099,0.370159178097655,0.319297142078535,0.541754992089616,1,0.613889654211169,0.3799796049868,0.136685211123161,0.423108436925898,0.300553904691979,0.365759203541295,0.554760292350913,0.41511858732714,0.432352616361157,0.268949952689478,0.196817625644097,0.327014034230828,0.330556273348918,0.19021837133595,0.332240900766458,0.460204395634022,0.286412458715114,0.273203500582476,0.459262324476463,0.0902492219405099,0.283844818362167,0.20232496228802,0.45243675771823,0.332599232612075,0.275653140666226,0.234719104854144,0.0666499736963229,0.479848692679669,0.339085193288215,0.0597255969287644,0.342335536770811,0.305351883197838,0.49140376584298,0.41621412869895,0.372154790119731,0.441860510245606,0.584616571052261,0.520126075408511,0.606401023120204,0.808686418104973,0.696904080900893,0.394693762144826,0.316038580503039,0.563412972696362,0.4000929128646,0.501682855325836,0.0222581760754188,0.429033812686956,0.285218066899389,0.221992669212733,0.467729057308557,0.511862653872853,0.352802239057346,0.355524478659655,0.352622145045833,0.531814577142274,0.12887792729962,0.498461231963041,0.273293437099005,0.350108090816958,0.442709865275842,0.316532228369118,0.306611705093509,0.306676156812786,0.387628253738319,0.301495325243897,0.182991965958922,0.312244517581584,0.137220356596915,0.47356434746896,0.215424807965868,0.256218243666296
0.288641934729068,0.319992105668957,0.399934148791586,0.450535720457537,0.358861056868019,0.268819304588357,0.293784865535018,0.19032206679664,0.496748341535113,0.294721674771166,0.501759838885363,0.613889654211169,1,0.364241542132496,0.213572425562318,0.436669383146203,0.503812042505049,0.262379959027903,0.449452286778137,0.462874425844289,0.513719752765668,0.451110900683954,0.206505904068227,0.361658402095104,0.348415804100624,0.282933980344993,0.306542741970868,0.399419977548169,0.240488310605919,0.317369349958486,0.434361980102502,0.079698375982954,0.243368999423966,0.150306229318143,0.35355935357503,0.386913834932987,0.29622892674969,0.275872234236364,0.115780176420026,0.522009777723374,0.383339989596963,0.108417173748195,0.336558272657266,0.266227382671465,0.368836198279858,0.281382631353933,0.325297291479087,0.324907353011912,0.588910713948646,0.356645153673686,0.533331097406042,0.475404813087724,0.585068367306106,0.401214651334564,0.329818890900124,0.487391000361545,0.244271578552148,0.597073226763655,0.106308671585374,0.380452887812439,0.254904257288,0.258697727932888,0.420667937506866,0.448329003637614,0.410890825059083,0.313199107078509,0.349490854656512,0.487862390588703,0.214705581715138,0.486289551089027,0.501900189338647,0.560095968516561,0.579077788147634,0.34697220313016,0.243384876393767,0.352874432679585,0.460336377179072,0.280071636122725,0.277916295241676,0.409215386821985,0.238324388201112,0.476855741085472,0.185544607516561,0.256550692169243
0.178068905169115,0.253245527517984,0.431968792103467,0.370209952944545,0.269956397706843,0.378471698911764,0.299767397478649,0.195335854420837,0.558609047060161,0.172109314803842,0.454203242748426,0.3799796049868,0.364241542132496,1,0.311773472057488,0.224754984611528,0.342358002118827,0.457323011219363,0.455102748338744,0.384170081606707,0.481516597733763,0.463027868272607,0.354401511538383,0.436900834418484,0.398227779854614,0.410712663557807,0.479627985656569,0.512296124030924,0.175317335887532,0.197560284105724,0.317775900426146,0.103420259198593,0.257802644782395,0.112625980336521,0.327954595967845,0.269822776763187,0.384425533472083,0.153489958997334,0.147068271190794,0.285839149749453,0.335257488623309,0.0910875258960201,0.222672128606935,0.277777445023866,0.513138826079603,0.29294961791563,0.276574000472116,0.344322673660835,0.509628250351615,0.353913114685743,0.47429846445528,0.363767323158289,0.487053853687283,0.456345422862936,0.646804337960419,0.567108726757161,0.324204918248708,0.475093277466755,0.316670168355864,0.457108485582781,0.558393065494369,0.349154805193472,0.43717507129777,0.432196399914502,0.570351395892748,0.475397269120216,0.365385421851796,0.577292531764265,0.161120522732781,0.283329681952355,0.0581570238712734,0.246360362335794,0.175098116364622,0.221374560809515,0.211305171638589,0.216686013008452,0.197712135605604,0.220529913859232,0.223778190590713,0.397805230233927,0.126135357359054,0.262972812538562,0.0788651764506836,0.0858429912753269
0.165127589790357,0.271775719787644,0.392102716643128,0.356069435685277,0.291865189472156,0.166691897543185,0.502774693761433,0.189573207972399,0.280893509383181,0.00925136541481328,0.241388481702417,0.136685211123161,0.213572425562318,0.311773472057488,1,0.521656605604723,0.35334539924285,0.355238742929002,0.345649991359643,0.542843749755778,0.30237953272565,0.233681727002749,0.204937491330356,0.242585709201511,0.111901356917949,0.435144959466566,0.130376329457487,-0.0273405825218252,0.140126049174328,0.468820431412344,0.496051027421502,-0.0811207064869288,0.102090079870111,-0.108452176502508,0.0198448490550417,0.448288506721063,0.172709326244779,0.100611955601918,0.124325808093596,0.412661306181463,0.523576659067203,0.0131949974644083,0.421139566709213,0.451345181350809,0.431808884787759,0.351373525945675,0.271192233373656,0.245402309582858,0.274468108767301,0.182302317258805,0.157989783180223,0.0974918629724183,0.267604662295706,0.190215354246123,0.0526256342458859,0.173468733948139,0.101647920627882,0.357545695135481,0.264018182180418,0.318855357598862,0.103271050139974,0.612633170430634,0.397312243386307,0.104358615384503,0.307437394675039,0.278830564661089,0.118411347503566,0.28247025285051,0.163344471366377,0.468404134895687,0.298977165790861,0.40255471022157,0.339715996078836,0.185182856740172,0.373788461819796,0.0260085972194862,0.484636160288575,-0.210735431558275,0.0662658496740879,0.286239048100717,-0.0105582606887964,0.428177235154888,0.0784533802433604,0.133642444589125
0.383419719105734,0.333867981691084,0.362937255927591,0.349422347871278,0.400119332865192,0.292412380146379,0.476467046608319,0.262607008191116,0.248492924231861,0.0428900016689527,0.238379530814553,0.423108436925898,0.436669383146203,0.224754984611528,0.521656605604723,1,0.245876820844579,0.0623750673508618,0.328187697519978,0.553330262769656,0.172980650828621,0.0670779460155257,0.108963662148882,0.140528788184953,0.156290210053461,0.281461747356955,0.108110995319416,-0.015460289709837,0.316129050999996,0.62240712331898,0.755127606346301,0.0868054848044217,0.315351267302457,0.0975397279900242,0.324269317094538,0.626164680497313,0.217730056491889,0.258665325887176,0.013479953824823,0.792008155426986,0.450241591449472,0.138965713457836,0.635306236009229,0.354767964328255,0.361523034214615,0.354407973510422,0.41794890338269,0.313522662301679,0.444853017558903,0.178405891003048,0.244759398158007,0.264637662293171,0.406132748048321,0.216814823867124,0.0847120815868767,0.239161659181149,0.095107861536376,0.422572000784739,0.0741958752639812,0.200671413179855,-0.0680427460668636,0.499411333867287,0.284690332098929,0.298428704076766,0.189083875050738,0.19096166460019,0.142370053511849,0.28011716058572,0.167137731416424,0.731400026249635,0.509378501053426,0.659846762480961,0.705718531021733,0.464240933314109,0.336547498535893,0.181969619077248,0.671437249006172,-0.101721386877374,0.0709712914976298,0.267736896882817,0.0346703677276563,0.534770075663316,0.226334444317588,0.472038842469936
0.151278385186165,0.178671227544758,0.209021990262841,0.190830846778319,0.296611069730744,0.0766254778778374,0.26473752163128,0.233508195923974,0.426194331926561,0.326077434451515,0.283105526132494,0.300553904691979,0.503812042505049,0.342358002118827,0.35334539924285,0.245876820844579,1,0.204135239454479,0.417200966122737,0.286427800633048,0.552590524084828,0.480854464156003,0.149712658247336,0.235571682188293,0.277379658068994,0.296417127179495,0.152243294344549,0.188861630901793,0.0498356984106605,0.253079065668114,0.33489854349005,0.125579172887624,0.132308409893202,0.181587545326583,0.102030422879037,0.135655097371327,0.266458505338858,0.217113489053647,0.154728675132977,0.367021058866056,0.361391458542468,0.110166678666468,0.208730359091266,0.137127889918686,0.22587416346084,0.231734902548928,0.300172713522258,0.280223011090993,0.432572716381922,0.207104794822137,0.27785588942057,0.328642939645205,0.236076420571706,0.549842507728906,0.231192632287398,0.300707010133502,0.0753067141704716,0.569125003522123,0.507824619274537,0.447547333878056,0.254255091842877,0.22108640501099,0.337795945552872,0.0844243688565365,0.396170280478295,0.226772711853203,0.207176556440403,0.306099877361372,0.0892756688194295,0.281358685887676,0.448750849267322,0.385232924007555,0.455810132224091,0.222791860558766,0.0778079937211363,0.334439466229214,0.348785040635803,0.276880159893781,0.200659876392057,0.171335007933845,0.273019509037679,0.448315130453757,0.156323832463306,0.184482336153236
0.112556395436017,0.3331005839892,0.412841550911618,0.510724891178112,0.215883619533815,0.58251485519608,0.366177468099802,0.154588968890588,0.431378149481261,0.135520203624841,0.377252969950995,0.365759203541295,0.262379959027903,0.457323011219363,0.355238742929002,0.0623750673508618,0.204135239454479,1,0.496667158107952,0.46319745676751,0.555002199137891,0.479698131974717,0.315966588685407,0.468890579655402,0.495815077191685,0.386002190250514,0.444144569532165,0.553313711769943,0.101199117754217,0.164640800214148,0.225881979527977,-0.0220722623911785,0.233398618229408,-0.0090080527169818,0.230470723286238,0.433422790510461,0.364760603352939,0.121298719320663,0.195829753913789,0.133256180809376,0.547690412492784,0.0909845729948023,0.25002171620836,0.366558048932529,0.461819360662928,0.421804012856641,0.278635362916207,0.481375050968503,0.400581777952915,0.389577431041116,0.413793541092413,0.314231008672078,0.541693287953834,0.377097780790361,0.317056013981366,0.483206757388198,0.615665477194753,0.320029494146017,0.148911082162939,0.624350506811163,0.539404334713389,0.264491584208005,0.623726120324751,0.490354043899445,0.492169259276209,0.520924966635862,0.404443895333808,0.601058203666912,0.0835793262869902,0.177082844598407,-0.167604041250323,0.110918198447906,-0.0259827379643397,0.208552192245287,0.563236279226245,0.232403179224523,0.0793494994336529,0.249483872147009,0.162565139887223,0.471652021142786,0.0845287904878766,0.381166388046416,0.116378415213917,-0.0677560538998823
0.226717767771081,0.410915953651526,0.734891476449905,0.656076826387766,0.249125219402501,0.287088088500114,0.390707420149715,0.0640140899849381,0.382460998850225,0.143179270111386,0.387810401355107,0.554760292350913,0.449452286778136,0.455102748338744,0.345649991359643,0.328187697519978,0.417200966122737,0.496667158107952,1,0.474454926286709,0.68470023466184,0.376428220932853,0.234540583043581,0.306988041773598,0.350290967133181,0.371102839501416,0.429054134794074,0.379787215210264,0.285755905961125,0.230971221242548,0.335176227923565,-0.106288289162515,0.176318048728713,0.102921590028923,0.212849029211411,0.334327153879271,0.298985258195728,0.17671181042942,0.0237383695428538,0.400087821825322,0.390274033311126,-0.0124297890975293,0.152999371388322,0.322294128630336,0.703594777869925,0.359148997400719,0.405546610972095,0.328329175407799,0.518481192757167,0.415352586824635,0.463699950071761,0.442018823229748,0.685825934838235,0.504348610896131,0.437220739455649,0.558271191715158,0.251931667968664,0.416304551538181,0.440192074723698,0.690503140026957,0.46783423151522,0.521403822798176,0.703518838841371,0.340203557631355,0.494876609008901,0.376714297348846,0.356688942977892,0.573078837189745,0.119562704094569,0.602261469979554,0.160527122566288,0.443373838207998,0.371700463424946,0.20273440155434,0.369996530370568,0.157321309281893,0.379607502522312,0.114248808847924,0.1631929381905,0.349685180039131,0.0317518126401815,0.453007008375955,0.00534779990834217,0.0653042763665074
0.231916649653622,0.205329830484583,0.313863070805434,0.376020924345397,0.159978373937409,0.401130451360394,0.189607431354412,-0.0624849901721573,0.478680686382155,0.167795872992423,0.433695518006279,0.41511858732714,0.462874425844289,0.384170081606707,0.542843749755778,0.553330262769656,0.286427800633048,0.46319745676751,0.474454926286709,1,0.587022344828061,0.619990975179645,0.242674242750857,0.558181753393523,0.268424245249166,0.449631389956854,0.370794551024,0.431791507041055,0.241547558738743,0.28516173311023,0.514320500307303,-0.332499707142823,0.0199010799724743,-0.145074806491556,0.275224026985363,0.710458771965713,0.367323892848966,0.18968440614144,-0.0587846763307573,0.443755336404972,0.473067718049077,-0.0284409471599449,0.250841856731411,0.208616604289135,0.360414172975016,0.208472468645367,0.200495622799997,0.143713832099053,0.503066473656472,0.283162675446322,0.515423140668112,0.278372229183611,0.591224686383965,0.391673362927147,0.270261636169072,0.503484136870773,0.270543143201125,0.320991260176639,0.156915151595195,0.431230740564668,0.326996118221075,0.687692857715011,0.648133294789859,0.565969471544346,0.564196179294248,0.540194839198228,0.316428484791229,0.618049045937223,0.259210713288534,0.535761952321876,0.232267372031218,0.599120692398036,0.406765610874144,0.204434284226022,0.600214744405726,0.044530359010164,0.462216442079757,-0.057762117158836,0.0805918796749175,0.682126043918442,-0.177022923085149,0.438865718706905,-0.110212036766704,-0.0628267701712429
0.121200154777347,0.262368332145796,0.430343538854876,0.424402562696644,0.144838546730386,0.373684547297235,0.187244257757724,0.0119880488831338,0.553388325413521,0.238742886638812,0.475434650346077,0.432352616361157,0.513719752765668,0.481516597733763,0.30237953272565,0.172980650828621,0.552590524084828,0.555002199137891,0.68470023466184,0.587022344828061,1,0.733951459893194,0.332168879773453,0.502876805780103,0.459743149973304,0.470312588069685,0.480052271247508,0.620566142611133,0.179725448978424,0.170647213437369,0.314393625728662,-0.0852374658190333,0.0881708483116006,0.0892163819919597,0.292850141510549,0.361871729641333,0.438706992392127,0.226414040195437,0.058733276274841,0.297974719717467,0.395456159551598,0.0320777757049985,0.117890649564455,0.149338091117949,0.482602726487431,0.203510083318052,0.208983815480377,0.295157909298912,0.580373624753126,0.319429534290828,0.529271000466348,0.325415456211038,0.648117151377603,0.629901854597108,0.443028667430162,0.635432975254055,0.358210088348822,0.521544397037047,0.420185873862263,0.68087148760644,0.592272945636584,0.415545879150195,0.703297280163723,0.504059960756327,0.662885677882445,0.510592643513123,0.475901371742737,0.671278538834415,0.192751373135817,0.330888039690456,0.165208931176002,0.414941914327238,0.268347408861265,0.187723004940405,0.370007316949523,0.21659269436234,0.255178932241052,0.298460139602825,0.219116108974213,0.530638278307794,0.0592711146631878,0.389302079178348,-0.0588654278879813,-0.050312206844618
0.0286567241397827,0.0450888957967981,0.106246321490024,0.137848098527234,0.0711917378435217,0.290824432481501,-0.0812485361087083,-0.0447219187695257,0.678078459815409,0.230812662333952,0.529124259025405,0.268949952689478,0.451110900683954,0.463027868272607,0.233681727002749,0.0670779460155257,0.480854464156003,0.479698131974717,0.376428220932853,0.619990975179645,0.733951459893194,1,0.279970417727073,0.656481904925021,0.406435153618757,0.444766692006958,0.432958194537291,0.632140834496561,0.0643993931262114,0.00204529862833226,0.175922477955135,-0.180130597956615,-0.0221600691807391,-0.109106781898173,0.212472274573545,0.374379813405032,0.451839039510148,0.104815649575444,0.046243928990313,0.138966584140434,0.329161942099198,0.0101312584105308,0.0346038831685659,-0.0261694064979954,0.193101198212613,0.0341142103618781,0.0452828292678245,0.124483758911695,0.546579016782963,0.270266528721994,0.584631150197877,0.191798472630061,0.459152399669707,0.492174946427885,0.39240260980715,0.529190560232006,0.26042717385189,0.348317982117758,0.224701686120064,0.482116945794866,0.512194267394812,0.315913712332524,0.480524221258508,0.554829589180507,0.753940263256336,0.563140325324023,0.413352504326512,0.609269597046501,0.157603082197329,0.146165366058645,0.11912951156615,0.408043379099972,0.198290158944714,0.122395113059346,0.333271329191901,0.150742701718072,0.122527502277031,0.236138972255387,0.19428724144993,0.634764672622081,0.0369232298491492,0.261021740373608,-0.112414141875627,-0.124193647219368
0.106213232495615,0.193405196423234,0.177402125395285,0.207070003339039,0.129998109738069,0.351078214003294,0.181742900699376,0.158050122886612,0.365470433003102,0.046047930905776,0.253206311393914,0.196817625644097,0.206505904068227,0.354401511538383,0.204937491330356,0.108963662148882,0.149712658247336,0.315966588685407,0.234540583043581,0.242674242750857,0.332168879773453,0.279970417727073,1,0.302196707471328,0.387015932335539,0.230190070750041,0.24657586870121,0.281600202477552,0.113820565660376,0.177379165202266,0.217366840144672,0.16079616918839,0.232324914675597,0.15910784883244,0.321834874119263,0.283347447530754,0.329446989979057,0.193136946799981,0.19927164214121,0.18456430983155,0.267297907054161,0.0805349232738122,0.219178596208121,0.203110770822575,0.278827772506094,0.139493978710352,0.192105026361935,0.268531640325035,0.364178646323185,0.181412616934134,0.251041308263318,0.136311437904997,0.217645162881259,0.271600652927863,0.256703197496677,0.34697023924913,0.321837218245272,0.291286417475346,0.186829379945322,0.339671553745741,0.317211440649628,0.178358146810853,0.329780028629515,0.329124672999295,0.313598859463707,0.350882722819686,0.260743490194396,0.412679970034968,0.165723611876327,0.10264348448516,-0.0136907128698554,0.151699410292833,0.0519579781174402,0.249546055174133,0.206711143028913,0.198019466589144,0.0974386233449308,0.231134092263824,0.228862779307139,0.319875996854474,0.113283231129001,0.193375621615159,0.0998627769862598,0.109201325517582
0.0787407892807766,0.110044063297583,0.156414712451722,0.239683047435431,0.141447101778557,0.362287977900934,0.0549419415589279,-0.0387434616315547,0.545441670308329,0.241687758201307,0.571809661742169,0.327014034230828,0.361658402095104,0.436900834418484,0.242585709201511,0.140528788184953,0.235571682188293,0.468890579655402,0.306988041773598,0.558181753393523,0.502876805780103,0.656481904925021,0.302196707471328,1,0.358658523140424,0.366903212133575,0.418304472830847,0.551102645756157,0.076621292792244,0.101175412046408,0.224891902121078,-0.121402519759785,0.0580425169183461,-0.0747917386872304,0.301419787815005,0.414058989455064,0.390599556558167,0.150727483629417,0.0708883772946875,0.176880650888277,0.303450301283507,-0.0165157489112531,0.129640711407847,0.0736261589033172,0.228061439413046,0.101577801503396,0.10257593918005,0.138504348169744,0.545262574573219,0.339844594301168,0.54879289878744,0.256973750999083,0.43349813307817,0.382982739900997,0.355136063225246,0.495522309353001,0.294255493987225,0.32575136146921,0.0108384757305608,0.375624620617742,0.430174086797845,0.26504542177143,0.400300896279896,0.539455969467062,0.631805178946049,0.591266865325838,0.379645608461553,0.545200686969437,0.144571496550889,0.132158903416652,0.0288903887790703,0.302467270856234,0.109364159201762,0.145803118223952,0.394341774814661,0.0762341566848424,0.090669358929649,0.196194211171036,0.150837384394524,0.649471119457919,-0.0724888507792042,0.172057543090883,-0.110357645828288,-0.0930207446658214
0.248942788450459,0.245534366611912,0.16542490079978,0.178216892911246,0.394024255671873,0.629642854281113,0.397114047220836,0.399670155083312,0.394538140435065,0.0497087040255465,0.316953612781037,0.330556273348918,0.348415804100624,0.398227779854614,0.111901356917949,0.156290210053461,0.277379658068994,0.495815077191685,0.350290967133181,0.268424245249166,0.459743149973304,0.406435153618757,0.387015932335539,0.358658523140424,1,0.428222807533664,0.305313707721331,0.506261526552919,-0.0210477050757844,0.399483358197768,0.46121900097189,0.461338541458362,0.561544918619124,0.582392729341544,0.648982248573024,0.484180443094307,0.70785787810344,0.660410002486063,0.289206016084123,0.498984700013855,0.481401756065679,0.233019169528589,0.400562535928139,0.268799277139908,0.306593321269404,0.287133264565359,0.31283687968432,0.552195831803085,0.565766456761528,0.198229008284266,0.256048597746294,0.281384540308098,0.330685392972086,0.517594059724915,0.296232217575672,0.475279237097666,0.538967970587117,0.530683937402789,0.266515968136933,0.559325644994063,0.324146775765062,0.0667351582707967,0.475681517852703,0.545507432879371,0.511361326647965,0.401513188652678,0.488693394379583,0.646006620440406,0.106422339260089,0.0846962441222383,0.149696749521757,0.341587528261434,0.207502826789525,0.444587292486685,0.232715183374059,0.60197302810901,0.196811321026887,0.696104277937902,0.586485829617143,0.463542065917054,0.287368426578465,0.464858058953383,0.307626099880174,0.237554559609792
0.235796666366931,0.211689028205902,0.255429643037474,0.226811569248681,0.318750861859354,0.283465491069158,0.297901450716139,0.253169021145995,0.403232371807577,0.0823538743045235,0.303989376827805,0.19021837133595,0.282933980344993,0.410712663557807,0.435144959466566,0.281461747356955,0.296417127179495,0.386002190250514,0.371102839501416,0.449631389956854,0.470312588069685,0.444766692006958,0.230190070750041,0.366903212133575,0.428222807533664,1,0.291174896066836,0.322407330334789,0.107593718818759,0.293597804922753,0.357262490341043,0.0581384078913346,0.250379615277349,0.06661028554533,0.201151266712988,0.420992059188605,0.431507873571862,0.227995925420188,0.253120358312348,0.37069977356703,0.492080267627154,0.146389208028501,0.337452195763,0.259560916972626,0.335599607771444,0.280210421163925,0.201113012973316,0.26306532372127,0.446292394306879,0.179182971423536,0.257715616803166,0.148905120912604,0.362263085891678,0.390910848818816,0.253484604669303,0.370247640409029,0.250287280500844,0.374814441205515,0.28693307809458,0.40833228401358,0.224060666011005,0.383008868546556,0.445873136501124,0.332332468618273,0.458123663132075,0.354615521450462,0.323549414867437,0.505763912726261,0.16183941795988,0.281500851028384,0.20265324599119,0.429114036527426,0.269032778890264,0.207299905595929,0.313492811264118,0.228110044789124,0.318310562369034,0.186350148407419,0.290440951365751,0.435783975924741,0.134128303857054,0.410371396301674,0.122426020683243,0.0783437394243801
