1,0.1862442004576,-0.0512518840463838,0.0515077466631334,0.174729848915495,0.282738728299031,0.147556118930974,0.0518072167329704,0.0333109365265559,-0.00410460651883581,-0.0752481194802112,-0.100207831357792,-0.0547839261246474,0.0721386360114324,0.137470921808595,0.0275470536588956,-0.00264277367712774,0.0690065301390919,0.0143944607765713,-0.148170973309693,0.0195492499946638,-0.0395901836369223,0.0195498149826226,-0.0621459246828108,-0.00595285886308476,-0.105131462685684,0.00639615918203311,0.0233974858630283,0.064237009669626,0.235295665968565,0.0187157503474046,0.201231901565723,-0.0234028819820012,0.00226085562217649,0.0710790097290263,-0.0444411223125025,-0.0573110763853436,-0.0684452271752839,-0.0202884722340256,0.0405598326357633,0.12305169820553,0.213994487087251,0.172960524943598,0.161521647023552,0.0164363273643706,0.236982939837547,0.143011982035404,0.254014089989923,0.0187949710304613,0.00821311909292854,-0.103860427195045,-0.020526442725796,-0.0470848502774134,0.0616945276860162,0.0239250874529793,0.096547452601401,0.265702728788262,0.0418686628182422,0.0217183856566855,0.0327530016653193,0.0492293090677759,-0.127166603931312,0.110733915079601,-0.024981888641688,-0.0442899386911911,-0.0315799218794511,0.0383904135481692,-0.0260882327100806,0.0591591326453124,0.0139720351311522,-0.0260579300936925,0.0558858221329888,0.0291781035160266,-0.032374186139767,0.0956396088668408,0.0300219375615941,0.11820892211282,0.0903084936472189,-0.0231389816573064,-0.0614830935736127,-0.0168849924116213,0.23900221021145,0.206516587785608,0.155056710865376
0.1862442004576,1,-0.0256456080054008,0.168303204688252,0.25303664931605,0.281517185829488,0.211970785107359,0.14839182070047,-0.070263127949491,-0.0520926767032438,-0.0492699553462592,-0.0329484866531142,0.0259900914600862,0.095313079486822,0.0344380651705166,0.0749179085349744,0.114576896710551,0.0299018600955049,0.0891451457042566,-0.0455785807072462,0.0050789767855704,0.043297044966944,-0.0024148691268332,-0.111414973817892,0.124186156250598,-0.0376125526777472,0.0587539161324667,0.0523208227832948,-0.0324799779688249,0.115166753393543,0.0472920747565377,0.188808181648315,0.0130814427491614,-0.0831509978162499,0.0413120321129784,0.0705340326490016,-0.0141853827071764,0.0172317462715908,0.0631461881459049,0.0362951194358017,0.148083038550414,0.215998619666276,0.141195805839019,0.0837373182089184,0.0439583853080165,0.194884153511251,0.130509088529851,0.245358389965725,-0.00992223259564601,-0.0734353539765989,-0.0294025882114506,0.0221949091979792,0.045819613751307,0.106303052515879,0.0658648096636896,0.0714945876506271,0.183662768124352,0.04333635720072,0.0683293994617573,0.0785342180990781,0.0377137589363598,-0.0731266682665054,0.139542529138943,-0.0409271393909332,-0.0518636847368536,0.00321439053734023,0.0163940547262653,0.0286672208663498,0.173670616948543,0.171462580448087,0.0842463914096959,0.0825396334615873,0.0953304439076102,0.0176844622613302,0.150642662913118,0.0675521123364521,0.10432862612958,0.00936949657496017,0.052299312465489,-0.112015914689694,0.000918558057465406,0.217831221726069,0.135354140378147,0.113701907184912
-0.0512518840463838,-0.0256456080054008,1,0.52815465535287,-0.0737864877728499,-0.310972079101858,0.49515563231914,0.12992685435299,0.153406679308024,0.18475088942005,0.139389344930265,0.280126127710788,0.0439751087424844,0.0769669877287094,0.280258274362677,0.359151495300053,0.0787962565517564,0.220527430460625,0.204331377557221,0.363715995095814,0.104071248030291,0.0738837457863127,0.102543620440973,0.200874432340989,0.0282603307169665,0.425005056068986,0.266928234722203,0.0983314390898407,-0.163353612356561,-0.130694843301023,-0.256352793366766,-0.298878183972923,0.183437643243546,-0.004625792618,-0.310932047676494,0.200157681847836,-0.123167931142837,0.114406298768076,-0.0142424888140545,0.0823962355900968,-0.441241894502444,-0.296884386833868,0.115204943176795,-0.100392211787399,0.585134480736775,0.0474756895693611,-0.0539950370213605,-0.0722639860615353,0.150832727881404,-0.000140840647533643,0.169857370326676,0.231914684898901,0.338542728165099,0.205431963569645,0.328978769795068,0.052694226430425,-0.354335987370259,0.0528164908618839,0.0836381796773528,0.337304036535933,0.205755461701445,0.333817969607012,0.224995290730199,0.228209782694314,0.26643958744097,0.260966667362369,0.358348250050852,0.342934887946555,0.103841275185936,0.23077593841508,-0.11542089417244,-0.0322407899593234,-0.00250011663265438,0.168798828144148,0.134188251059782,-0.0662452188320672,-0.158105905433032,-0.0192515262198688,-0.0210390046441097,-0.0131257212166706,-0.155541593914366,-0.394266307909515,-0.226343788688491,-0.201320758431295
0.0515077466631334,0.168303204688252,0.52815465535287,1,0.293801457243424,0.125282956155001,0.499193792708156,0.305131869745463,0.29398221041738,0.221052648882675,0.253700285726289,0.261979650018932,0.137909562220336,0.023199035583152,0.257175464523599,0.295306746898497,0.170967276482604,0.155818652378875,0.202640990719326,0.386916971841345,0.290876907730886,0.244533376780401,0.0697112192748988,0.213298449473567,0.367527780387011,0.439134613907561,0.377502551117456,0.409356661652503,-0.0236474657948253,0.136645458696164,0.137993699236348,0.0730908746328712,0.213540989469656,0.202364884769162,-0.0731826677753782,0.260882613239127,-0.0138655967373766,0.267262205624048,-0.0369929293454087,0.362352644792983,0.0446504001206792,-0.0870436268137806,0.427364041671916,0.0279807787227051,0.340012894763208,0.421621366858717,0.257998204510251,0.342700869074675,0.306740959199502,0.128576182385341,0.253818211179167,0.316044485195697,0.493555065083201,0.156592439608217,0.334292638859905,0.0963613273434245,-0.0159722657301339,0.123869967518609,0.145193163615458,0.375566340876387,0.14447274522228,0.414058335476819,0.483133185251042,0.218740104821829,0.355299624096126,0.259668123413335,0.450283910062232,0.451272802963483,0.189411864382432,0.391734390923507,0.036836308162208,0.273762333349014,0.233517166558813,0.140955097473073,0.442094868757214,0.11926110695404,0.060101690150242,0.161396384954037,0.0421448121122089,-0.123084099316771,-0.0692201237276766,0.012829042266499,-0.10061101248451,0.0176215418741751
0.174729848915495,0.25303664931605,-0.0737864877728499,0.293801457243424,1,0.426913650973003,0.152036649116801,0.200492778542063,0.098645283816829,0.0648444239735154,-0.00998053094598194,-0.0178421910251753,0.0507663931139025,0.0796354783068643,0.0738325603872378,0.0938909162344939,0.111482812562545,0.0732582129856943,0.116964830055255,-0.0548657406617963,0.135394089678955,-0.0843622449493322,0.000658573939354506,-0.0538036568538767,0.087233684530854,0.0371516211223045,0.0915887977037618,0.258145139407726,0.0963132903412756,0.139620389571596,0.0399638555189545,0.498970176659281,0.0387326587648589,0.120264811660022,0.263469949576965,-0.121152124155901,0.0275339291936934,-0.0323547194445655,-0.0652922203389488,0.173873975237244,0.305051106265405,0.46546488200922,0.30807113851951,0.237733143644064,0.127816454923257,0.517568051136574,0.264148179020571,0.44995963694482,0.0881880388522557,0.0646696150740651,0.100846902628835,0.057378643663332,0.162886648390062,0.0743466799925584,0.212493468121884,0.245284819143289,0.468728092245098,0.110656823103394,0.14299564229309,0.126239035579236,0.059878092821054,-0.0574651646157715,0.195327233415927,-0.00896490185071566,-0.0563497424851434,-0.0828731350231087,0.114654099240345,0.117959315645214,0.116425448897616,-0.0368555930175732,-0.0117134315032753,0.0202703470852336,-0.0487929246591378,-0.0996423963771769,0.195302502378819,-0.0144817476200173,0.0106377243545747,0.126620157550292,0.149424459293183,-0.0182437670223401,-0.0126825181996457,0.462831314020581,0.376629626689366,0.263588179177498
0.282738728299031,0.281517185829488,-0.310972079101858,0.125282956155001,0.426913650973003,1,0.21581587472245,0.508751517668369,-0.0639356746076919,-0.0869599168017892,-0.245777548381323,-0.371005802169364,0.0482726634217167,0.0166239133665002,0.0334007106580459,0.0310648088873156,0.125472196473982,-0.0518632694935332,-0.0389495899899294,-0.343555027518964,0.027225313735492,0.164222755766009,-0.0103415238786599,-0.282403683378616,0.207198276479238,-0.235812490402786,-0.0364532630533409,0.0873075511485448,0.110627946616447,0.317315744138952,0.418311781134518,0.702960329334176,0.0961852330679996,0.0683794590850684,0.633014304189677,0.133538543462906,0.00236394240592613,-0.0831148682573419,0.1417529996254,0.24614989245281,0.799033285107652,0.576353675503243,0.587104706489677,0.211782686520805,-0.0570579336855772,0.414689591098724,0.209240800128188,0.582027666414118,-0.159094806896356,-0.151769941009807,-0.272691900346402,-0.258476160579261,-0.167949889178943,-0.123986195811192,-0.0798278388815624,0.0964999372437705,0.715287812940951,0.0171062985248442,0.0946244830271013,0.0452326787752853,-0.00643120650866454,-0.433555077778804,0.0812249045941239,-0.186730749125091,-0.284706640679863,-0.294646685209713,-0.153492162600654,-0.156630547649501,0.103981566532069,0.170905044654681,0.151175676598274,0.127063484927567,0.330977502446813,0.0338921474048945,0.155271517188835,0.415178257715877,0.488218960510753,0.248813865873062,0.0680696386925392,-0.102810980145897,0.261147427317128,0.776970032300971,0.435256760988156,0.669248407535349
0.147556118930974,0.211970785107359,0.49515563231914,0.499193792708156,0.152036649116801,0.21581587472245,1,0.291887692842489,-0.102287460098073,0.0488580786429502,-0.197770103076802,-0.139611780891674,-0.0904112669061476,-0.0545482070606994,0.295484392596829,0.49762599063781,0.0195003957954617,0.256986461821691,0.0164819280524389,0.257459324582008,0.262419022247426,0.396748095139772,0.0427355900435757,0.000672402583952223,0.286034785280188,0.235864077420294,0.211433716236957,0.289417867017434,-0.0998564826573392,0.13178570506849,0.0850457920374253,0.0321563404977764,0.108587679392562,-0.171960156541542,-0.204715079776118,0.532153991572569,-0.126860422571649,0.207084054222371,0.0338389124188864,0.265574133935202,-0.0810015560881107,-0.117155885182214,0.367257013335772,-0.0155941374409172,0.301164932303182,0.201980437168439,0.0286327310157256,0.452617744552793,-0.222932304217057,-0.24940290432958,-0.111697737617645,0.0263379430384044,0.0806451529236644,-0.0629468561170601,0.104465942247356,-0.142969942976149,-0.0652838441560015,0.0943358605081353,0.0696884277419353,0.443295076783945,0.203732648760176,0.0581817650413415,0.425930887447511,0.069396354490359,0.119463780859004,0.0761717527999778,0.205552178366964,0.221769665148835,0.0795932662180192,0.614040496521889,0.0315583366517177,0.083287096393665,0.33423854199613,0.129921000701925,0.551154988955909,0.154710194969758,0.138617576878363,-0.0520182179547222,0.0256111279467033,-0.238390085124246,-0.091455238004083,-0.0126451361407442,-0.199387312991663,-0.0620492875253535
0.0518072167329704,0.14839182070047,0.12992685435299,0.305131869745463,0.200492778542063,0.508751517668369,0.291887692842489,1,0.143505720532066,0.11159710822067,0.0398067226003688,-0.111948375197832,0.116938629900222,0.041970979009129,0.156368678588009,0.20818456282951,0.173093809982248,0.114278470765512,0.143522317528657,-0.00801298366458665,0.0887050804446299,0.16469777514165,0.181666127220866,-0.046503673181591,0.315178975784979,0.0473818757440399,0.0629039931085078,0.127606361896493,0.0390439954063143,0.078378252882526,0.192936757873224,0.389088279548285,0.642769080205652,0.0775594747665368,0.330968299282665,0.403967042884909,-0.0109404017762846,0.0662979439390304,0.0407228559653131,0.22099982104182,0.349296237395277,0.249613194972077,0.66938213916727,0.0413966059674445,0.240276335825239,0.16976283643347,0.0648611706870342,0.557756340367499,0.156729809292534,-0.000420740911093117,-0.0348590049086317,0.029516537908317,0.0508124291061468,-0.0840114678130593,0.0520898961551618,0.0392295678740001,0.160195715623117,0.126792467914024,0.159474905228913,0.246853397239665,0.072837824590812,-0.0385423344571706,0.212295254586438,0.0761922138065853,0.0235453398379002,-0.0491805462397544,0.0738919245536459,0.0984675923095337,0.182115424748365,0.406645642810355,0.12758081970075,0.114000768286858,0.296314920225221,0.499472471166375,0.226784436493371,0.303341736750861,0.186336875250715,0.206909782514347,0.0729646436014082,-0.00924096994560823,0.0985874655023827,0.262390494624268,0.265043552366766,0.540381065251124
0.0333109365265559,-0.070263127949491,0.153406679308024,0.29398221041738,0.098645283816829,-0.0639356746076919,-0.102287460098073,0.143505720532066,1,0.338061331863082,0.623834075509831,0.396667125144222,0.222657788826903,0.104728810329917,0.0878644969388055,0.152651334741624,0.250789312411551,0.088422874657529,0.20893612426087,0.309709242584988,0.144804795529318,-0.0588576551372414,0.184673484633845,0.395573456367348,0.100745344773019,0.284625933619973,0.275703673505114,0.0528956870452933,0.065736910138152,-0.0467131601422018,-0.0307902839295522,-0.0224445494481619,0.213440825161869,0.306258879973517,-0.0642969794551889,-0.0732289153075916,0.0259239134401381,0.101835349981995,-0.0234225500383531,0.0961789864773024,-0.0389180919225114,-0.0383684798650216,0.114830729479158,0.0408756222710503,0.224833413070737,0.173767798740478,0.115657266387176,0.0282521029474846,0.684550829910227,0.39117339226683,0.401152815503198,0.412724985353142,0.404345553517879,0.191657959465608,0.211773160176183,0.131767303306646,-0.0802666135555443,0.185798979361295,0.143015921929864,0.197934380270564,0.0704290699663605,0.446108757414347,0.189344530363763,0.322804877137973,0.395748067600298,0.348190718301897,0.286572491993603,0.279918101943811,0.122101650150168,0.050033644864351,0.0620773049335278,0.211914288736674,-0.0317567249521408,0.0766221416572586,0.0529961509231208,-0.0775153222027015,-0.108063945824536,0.227487510490344,0.10214187415887,0.0729188929663178,-0.0533402509592654,-0.0566194942280629,0.0464412064106689,-0.0307860704309434
-0.00410460651883581,-0.0520926767032438,0.18475088942005,0.221052648882675,0.0648444239735154,-0.0869599168017892,0.0488580786429502,0.11159710822067,0.338061331863082,1,0.339748961513372,0.264583885925206,0.119570242399003,0.092626002550246,0.194255245323798,0.350854960884975,0.261850351688819,0.161873863087935,0.154697933267577,0.353113185011333,0.327747510063389,0.0247380279828246,0.217133410656232,0.421924502310697,0.133294501896726,0.341736362837768,0.25135446334947,0.165514677336558,0.0116860740706057,0.00327988297636776,-0.106075129289437,0.0484755213506932,0.150051006524826,0.177591909207125,-0.0781798788186542,-0.0250604146377232,0.158727558610541,0.241165097077571,-0.053880211858624,0.044175920816548,-0.14230192370752,-0.035031616518915,0.0753509617589143,0.086470319796666,0.283988976726888,0.0977917406058919,0.0516288520192254,0.0231574590125336,0.271909774322282,0.267622175631872,0.370298409191239,0.394955993052456,0.25283951553087,0.133253942601382,0.137301246262917,0.0265462451505381,-0.0830372018847031,0.357515045316951,0.250399016088828,0.389211487328341,0.168736116995626,0.38652087641078,0.245980537602342,0.315914772418178,0.3609127271735,0.399223736144823,0.232177542733192,0.395855844827711,0.167064940989545,0.142169841772242,-0.0269292949933259,0.125597925372682,-0.146817612882914,-0.0203260227279856,0.169053837572497,-0.160124526873083,-0.176026798203392,0.0865256944517677,0.0698087430406262,-0.031087337364916,-0.119354500822868,-0.172226008171838,0.067588600038661,-0.12739016901824
-0.0752481194802112,-0.0492699553462592,0.139389344930265,0.253700285726289,-0.00998053094598194,-0.245777548381323,-0.197770103076802,0.0398067226003688,0.623834075509831,0.339748961513372,1,0.462105498515457,0.184058187176827,0.0844962699747692,0.0468365581668335,0.216151658467722,0.308734112418734,0.13504488451261,0.197318749222213,0.450679662124843,0.223972240391831,-0.130081794992353,0.182284483792397,0.469918956752577,0.101030804626192,0.36784644170686,0.258928550754852,0.10697612807927,0.0261370564150409,-0.0761249790050147,-0.178031331551945,-0.119055784035706,0.168545923508345,0.290833469757556,-0.225015366221781,-0.198312512374887,-0.00809281612389061,0.170528457565216,-0.114962053404456,-0.0236353083341314,-0.234740486849443,-0.120430132187113,-0.036353161302612,0.0021887768724708,0.269952259135075,0.13061610528112,0.0549759057161358,-0.0734406561080787,0.670530457735385,0.495559197678971,0.596046168928422,0.568677028124391,0.413721924122864,0.263460737476754,0.244622520742898,0.0542884954907138,-0.230010092345169,0.332148690890745,0.202976007468896,0.312631671244614,0.100924387260676,0.619514199223727,0.193386771922222,0.4545960529825,0.553195695950432,0.511414079046494,0.299862683087919,0.372170312353826,0.119043570939209,0.0238658421449955,0.0240242726334645,0.26168378649256,-0.186164238156769,0.0307985580433226,0.11609670653408,-0.23970269021055,-0.312523982595747,0.180238643547823,0.0804118232669143,0.0393011261673632,-0.12408099204598,-0.284066687784378,0.024759832747109,-0.265654872021241
-0.100207831357792,-0.0329484866531142,0.280126127710788,0.261979650018932,-0.0178421910251753,-0.371005802169364,-0.139611780891674,-0.111948375197832,0.396667125144222,0.264583885925206,0.462105498515457,1,0.139170462188098,0.213392343378263,0.113551771333862,0.210014894751552,0.175287677774254,0.152120337062662,0.256391728341842,0.430014188588678,0.223920728591599,-0.178409240302091,0.0435112357483497,0.392696457043595,-0.109525396651286,0.41834770770003,0.206266901867997,0.177829409103928,-0.0427218829486035,-0.14228393181686,-0.293056444300657,-0.142872242118868,0.0485837716100984,0.252677979244485,-0.323095559506418,-0.121196547508529,0.0147797035231985,-0.0840676709105254,-0.24073790005815,0.0553969620436085,-0.303144926543703,-0.150167880468551,-0.237417050295732,0.126649834520754,0.425850363473065,0.0575045523090405,0.0606664663587736,-0.175755052739452,0.527535392114323,0.331195868136108,0.505091895035533,0.606787020839682,0.719353901826588,0.405644846914657,0.387009903217861,0.315322480144423,-0.234545876375936,0.40917154690374,0.279959639097827,0.261629712520941,0.183654225893224,0.565750798971597,0.186016207820771,0.255440777361407,0.230682046043064,0.332932329544336,0.282118334378453,0.338536241622491,0.0632651266194239,-0.0548961992716721,-0.126650997053368,-0.161285861815681,-0.323746569956471,-0.093624930962564,-0.0884256193741923,-0.450990562686619,-0.406720049198733,-0.133626280445311,0.0652353286719689,0.00580320593832262,-0.300501393341229,-0.21142795390269,-0.00636563777931464,-0.250813028330598
-0.0547839261246474,0.0259900914600862,0.0439751087424844,0.137909562220336,0.0507663931139025,0.0482726634217167,-0.0904112669061476,0.116938629900222,0.222657788826903,0.119570242399003,0.184058187176827,0.139170462188098,1,0.198620737862824,-0.00866599014458256,0.0952119545768512,0.407856862656802,0.121276064521159,0.166395493472043,0.0760549986865098,0.208210077790013,0.0478321873384595,0.0924726674249602,0.137441594032914,0.0847964493626612,0.0722207612800738,0.104417973805726,0.0181500167871903,0.0411345845172028,0.049972700255239,0.0454305890915352,0.0150546942178185,0.105741239970317,0.0780144342415795,0.0514642901323964,0.0192080962941722,0.0183710000348178,0.00240821456357336,0.00594556710371838,-0.0361328788735786,0.0650913259212147,0.0418545087817059,0.12603399625498,0.0501380255815816,0.13237504678145,0.0304936978198829,0.0606941984848282,-0.0148813263032941,0.252550438744239,0.139942880301983,0.152836397666554,0.167835007697104,0.119863759341663,0.247655655841667,0.147397286511762,0.121768572804434,-0.0157503810010484,0.180553763562857,0.0756284605283035,0.198224556140119,0.166432841649539,0.133771215678176,0.124672476162366,0.0580911674246012,0.154233010499324,0.157832105558795,0.121373919264998,0.13527112027196,0.0955453510169115,0.131268417112103,0.0980438653077334,0.124438874761638,0.105465259590621,0.119733271694739,0.0271862417032506,0.0717354182231617,0.106235820541217,0.138428599809934,0.00958482247157005,0.0235626848690172,0.0788154478130523,-0.0112084853589316,0.0411437951592653,0.0773592250490932
0.0721386360114324,0.095313079486822,0.0769669877287094,0.023199035583152,0.0796354783068643,0.0166239133665002,-0.0545482070606994,0.041970979009129,0.104728810329916,0.092626002550246,0.0844962699747693,0.213392343378263,0.198620737862824,1,0.164494927679718,0.0502966917950842,0.245744122035472,0.054186157215964,0.27809724929161,-0.0378798760722535,0.0719838225232324,-0.163348645052257,-0.0229808278062966,-0.0216080707587761,-0.191417410200384,0.0358031254560664,0.0469350820881352,-0.0780626301792468,0.0452397324065291,-0.0580206922050347,-0.185177890879708,0.0727897445334434,-0.0719184998213672,0.140396263687996,-0.0209563594873131,-0.0440494199618739,-0.00480634559455606,-0.213867949019898,-0.100739191099157,-0.0224054475241687,-0.0278500298611713,0.13927125937191,-0.0372849117503358,0.0967017760618881,0.229293650959864,0.0460218620706868,-0.0420158349492544,-0.0057266680402432,0.119151887072507,0.0312563613873714,0.112235011808138,0.132275551644917,0.178374671008929,0.357982384868847,0.224688352205518,0.344617351886109,0.11754093111245,0.252429818817617,0.166496716620293,0.0495570640417088,0.0787156868785945,-0.0120107859680679,0.0316879829891928,-0.00127128697417933,-0.13437662444328,-0.00141064145007278,0.0551402830594331,0.0357783834863956,-0.000285921098533648,-0.051982315134487,-0.177898434231513,-0.207584420219906,-0.12035634343185,-0.0312177185866633,-0.180666240171721,-0.157212662630545,-0.0750152075892688,-0.0661701408555936,0.0444374490321495,-0.0660678713878729,-0.123952584992939,0.0998306054995119,0.176372728280353,0.110223795249518
0.137470921808595,0.0344380651705166,0.280258274362677,0.257175464523599,0.0738325603872378,0.0334007106580459,0.295484392596829,0.156368678588009,0.0878644969388055,0.194255245323798,0.0468365581668335,0.113551771333862,-0.00866599014458256,0.164494927679718,1,0.25463643046146,0.0702546767934774,0.15804067689622,0.107478571271278,0.183060129020167,0.187271629214482,0.0894556149694396,0.141520627853045,0.0829960594060927,0.106161136226501,0.196837985087713,0.0612381334820157,0.121636229264105,-0.0328297176106288,0.0391663137146933,-0.0751016988115254,0.106936782091963,0.125468723049249,0.113097926200074,-0.0878702210791027,0.139983597677078,-0.0687140181881103,0.0615047457233754,-0.0296996387798435,0.0920565430610792,-0.086194679471253,-0.016346183802902,0.111982799398947,-0.0267957168453618,0.308396522694562,0.0760100286471631,-0.0772861850922955,0.151135139493309,0.00192087302755261,0.0435027091833499,0.152105342942936,0.184930832257509,0.116453433028277,0.127026265006124,0.154340412226776,0.12083575213372,-0.0102837547603433,0.190108847937732,0.173944653368458,0.253903215407864,0.1591520059137,0.100627587676341,0.197871896165088,0.0946938753534412,0.0735881534443459,0.202108690139126,0.159370962868719,0.195927571665362,0.0966439755692405,0.217196720471621,0.0189406059721999,-0.00444441350328023,-0.0317349002751212,0.0395384723444271,0.170517936502078,-0.1180996187134,-0.0948870268517356,-0.0536057283196569,-0.0117320184314512,-0.0757346826770893,-0.133841329039978,-0.0299682180781948,-0.0170049816181414,-0.018356856621579
0.0275470536588956,0.0749179085349744,0.359151495300053,0.295306746898497,0.0938909162344939,0.0310648088873156,0.49762599063781,0.20818456282951,0.152651334741624,0.350854960884975,0.216151658467722,0.210014894751552,0.0952119545768512,0.0502966917950842,0.25463643046146,1,0.367842953424379,0.326790328555536,0.184731893486993,0.586149627500989,0.582304739419815,0.313633684195293,0.14715645559856,0.437139137712309,0.384983657590966,0.488131662327719,0.343979722629864,0.389841307178737,-0.045475304474571,-0.0265902533721919,-0.121629858574799,0.159635890745251,0.248688702931282,-0.0269769193815741,-0.185924810168048,0.216501058562165,-0.0519238379551607,0.317361238196347,-0.0289794922086512,0.0899862909796745,-0.153309991906863,-0.0241591633625312,0.121570229497563,0.0744641354467509,0.496301350492104,0.100502535983492,-0.0168490002570721,0.204517456640296,0.0900523583356029,0.0637681279577911,0.303550018992662,0.538723911079081,0.238461166688348,-0.0141706319457367,0.198354689552943,-0.0134208854047701,-0.139758466474779,0.607280627251008,0.390902852466275,0.767836039471815,0.404482215616959,0.497332547709306,0.632662894238533,0.19110489137641,0.464699952042034,0.45242158378345,0.255133798371909,0.582880712391576,0.118333556873595,0.541817036570229,-0.0303170524703089,0.235216730708801,-0.0603722226218626,0.0167501205655659,0.538951364423474,-0.0866231762579655,-0.174921133821385,0.0607136817130903,0.0854282857394242,-0.0978083670306931,-0.158041434120678,-0.200364789079884,-0.0214969989985912,-0.259817663960213
-0.00264277367712774,0.114576896710551,0.0787962565517564,0.170967276482604,0.111482812562545,0.125472196473982,0.0195003957954617,0.173093809982248,0.250789312411551,0.261850351688819,0.308734112418734,0.175287677774254,0.407856862656802,0.245744122035472,0.0702546767934774,0.367842953424379,1,0.194525450229127,0.225524441529028,0.189025563163719,0.300624533764938,0.0667559498302914,0.0871093633902351,0.249055893117493,0.134713667106607,0.18440721925324,0.204896344921003,0.0604085532187152,0.0316870190136881,0.0346759199834522,-0.0448641425472235,0.128007621509358,0.125554544430606,0.154014103117119,0.0385599663433948,0.0340377029636874,-0.0805310188229183,0.0155485574395978,0.0517299529139744,-0.0642616304869123,0.0912299431642908,0.17291701835158,0.0938728052841361,0.0602546343506947,0.352886860489965,0.158245296623625,0.0178521065086129,-0.012133567669893,0.29376166109693,0.14684457035217,0.201378585716411,0.285242983900736,0.138476857462608,0.189879983646485,0.164886625069463,0.179328216665975,0.0299141681401014,0.474704349196269,0.324106446844196,0.358329668222493,0.160377164821338,0.180727482952387,0.273899458281145,0.139581455661063,0.206048545435236,0.207887378924183,0.0479075598489235,0.281937637482002,0.127279108964319,0.239673327177848,0.0924486514316366,0.210418581475701,0.0514146507246145,0.0676387065096205,0.0710480391495747,-0.0242219199603901,0.0366349941530842,0.199375552846348,0.0905272278081286,-0.0689859952901198,0.031471608462623,0.0342372094814054,0.178611422431778,0.0353284921934374
0.0690065301390919,0.0299018600955049,0.220527430460625,0.155818652378875,0.0732582129856943,-0.0518632694935332,0.256986461821691,0.114278470765512,0.088422874657529,0.161873863087935,0.13504488451261,0.152120337062662,0.121276064521159,0.054186157215964,0.15804067689622,0.326790328555536,0.194525450229127,1,0.173886895349854,0.190843844259431,0.220563088171298,0.107947930338231,0.0386286473714363,0.169660703818206,0.0698667222585194,0.194083829957171,0.156847514212506,0.0863550275951101,0.00295801511087338,-0.0206133870894478,-0.145836457205093,0.0122180006455682,0.121994542339389,-0.0293558496282578,-0.176857707999054,0.157947855271697,-0.045938115115812,0.00497796916990472,-0.089883229788117,-0.0139367550549724,-0.180958192896592,-0.069037126479196,0.0804729749601959,-0.0383927596657512,0.26325173602852,-0.0449330602106943,0.0413363017982724,0.139876241115989,0.124767098339755,0.113909514624706,0.166601867344583,0.1783661540758,0.170253909884756,0.107459119360038,0.215806894889556,0.147681776763529,-0.126638217562867,0.246744592289632,0.185480507438648,0.394544031155487,0.238697068651888,0.171660713925655,0.295595600922726,0.169051678204949,0.170569141383023,0.224175712428438,0.0873949675972304,0.229405973851403,0.079671912860643,0.302030234991475,-0.0322249227166819,0.00564928741269077,0.0162072431792302,0.0806430088872035,0.242247483602276,-0.0860549402158323,-0.114385843514147,-0.013309891215793,-0.0078989537523004,-0.0626594893078866,-0.117121948769731,-0.10598019265148,0.00485896549856642,-0.11215130101159
0.0143944607765713,0.0891451457042565,0.204331377557221,0.202640990719326,0.116964830055255,-0.0389495899899294,0.0164819280524389,0.143522317528657,0.20893612426087,0.154697933267577,0.197318749222213,0.256391728341842,0.166395493472043,0.27809724929161,0.107478571271278,0.184731893486993,0.225524441529028,0.173886895349854,1,0.173879306957375,0.186704605724824,-0.0369628969543123,0.0510749428448365,0.130532697652948,0.0896103204873317,0.157316317679109,0.243712845335017,0.0512189329971156,0.0633227915519658,-0.0386642600619829,-0.163572262396875,0.0769434091261922,0.158192579474011,0.0593449481172702,-0.0386214642275675,0.0140948390717185,-0.097948739442497,-0.0367749890532634,-0.0708685490105612,0.0246423523460985,-0.0384548453605511,0.00144805220132275,0.0583607363489606,0.036028049882177,0.284504763769603,0.013818449036845,0.0421285003860062,0.0401814656076955,0.273170229929217,0.174648191057355,0.217483242650161,0.283625692532471,0.247462132584589,0.312068893212147,0.284698047369443,0.32301133991371,-0.0394708665093461,0.25409365206824,0.213436732145698,0.198132677857588,0.252486175027964,0.237764881865299,0.215272002540811,0.0832009595118355,0.138587938124719,0.168402724069329,0.201839738105949,0.198610239655325,0.0679437659930354,0.111984867057646,-0.072398422091846,0.0284461281005713,-0.12001518732103,0.046218274393282,0.0653201562550524,-0.0916605795179703,-0.138753871539739,-0.0102917315029227,0.0672139461610202,-0.0420108797820083,-0.175909837487827,0.00228871408776716,0.113585248460339,-0.00456990122248603
-0.148170973309693,-0.0455785807072462,0.363715995095814,0.386916971841345,-0.0548657406617963,-0.343555027518964,0.257459324582008,-0.00801298366458665,0.309709242584988,0.353113185011333,0.450679662124843,0.430014188588678,0.0760549986865098,-0.0378798760722535,0.183060129020167,0.586149627500989,0.189025563163719,0.190843844259431,0.173879306957375,1,0.467845087541019,0.407820851812749,0.0834229330032662,0.642098211280022,0.50387425020064,0.63851679439706,0.374698373893039,0.444687769859021,-0.0101850782620253,-0.0375515485671844,0.02945401150527,-0.204330421868322,0.252831002924165,0.0676586522835276,-0.382791819655421,0.268820960374963,0.0273740569081114,0.519559269894344,-0.0217217462365469,0.151370961977357,-0.328721429845266,-0.423071680845503,-0.0549893264332078,-0.0791464875786407,0.331875735308755,-0.0119114723598804,-0.0162154635708521,-0.0842406467482136,0.308933906477731,0.199868190583539,0.488877162010045,0.657252998654337,0.461372583193418,0.0254660934356861,0.19009059290084,-0.107448073897026,-0.487711468779162,0.404918206914028,0.193783277763171,0.498322099275268,0.24994568469554,0.779877994490859,0.505369697699267,0.309884602330972,0.656519014032853,0.576399492444093,0.393996772292907,0.569525498078785,0.1136654727177,0.443566773593917,0.00405757501584542,0.33577549998325,-0.0160544317776471,0.0697185646405554,0.450477095999097,-0.108027669297405,-0.238663758105736,0.0504907900408523,-0.00575960114096067,-0.0854841276246041,-0.153282801876187,-0.49647030411682,-0.369533021153914,-0.479526453332194
0.0195492499946638,0.0050789767855704,0.104071248030291,0.290876907730886,0.135394089678955,0.027225313735492,0.262419022247426,0.0887050804446299,0.144804795529318,0.327747510063389,0.223972240391831,0.223920728591599,0.208210077790013,0.0719838225232324,0.187271629214482,0.582304739419815,0.300624533764938,0.220563088171298,0.186704605724824,0.467845087541019,1,0.21497636638623,0.159179505531637,0.335194932832067,0.309819590977195,0.394500602288339,0.287571704745707,0.399069284811357,0.00339871633648494,0.0410146190425602,-0.0503961569796148,0.229063606651657,0.141594579615461,0.12045434804662,-0.102500607071411,0.0833915775658744,0.010697557896512,0.250396298867761,-0.105109899189023,0.132086162095133,-0.0590605193948713,0.00722611269493944,0.0914153849255068,0.0844135718125071,0.323438889189532,0.142236249734905,0.113670415964199,0.206982672948129,0.157051438471692,0.078766904574182,0.291476152986164,0.501005417137133,0.271063217617405,0.0688500508982789,0.140516046040568,0.0789997661493574,0.0180417448242355,0.546976797997482,0.306168947440925,0.546331899797418,0.294384092225143,0.441331200995201,0.590168289684448,0.176980570914623,0.337498620474759,0.360303619396033,0.254815007057237,0.541656324687413,0.129111068785151,0.348475151383956,-0.0629330190190729,0.220274069470844,-0.107878665910845,-0.0240200037418553,0.433244717971541,-0.133839108487468,-0.161977829506464,0.0773249621516566,0.0307157236071399,-0.115021988128258,-0.120262036977596,-0.0530298716921434,0.0735823367404465,-0.147050089567683
-0.0395901836369223,0.043297044966944,0.0738837457863127,0.244533376780401,-0.0843622449493322,0.164222755766009,0.396748095139772,0.16469777514165,-0.0588576551372414,0.0247380279828246,-0.130081794992353,-0.178409240302091,0.0478321873384595,-0.163348645052257,0.0894556149694396,0.313633684195293,0.0667559498302914,0.107947930338231,-0.0369628969543123,0.407820851812749,0.21497636638623,1,-0.0557060907951875,0.188775722064279,0.685529462298382,0.213543564777073,0.140211339527682,0.308007585935068,0.0630343319832708,0.226078374711765,0.609882768482158,-0.0715980568318116,0.200834763316989,-0.12747481867808,0.132420505997697,0.694280397237326,-0.0099905492067209,0.478392594700489,0.258555972816778,0.301601698818662,0.260203075336109,-0.375770100934875,0.281570621725651,-0.135939410981924,-0.0617206090833256,-0.172132035868221,-0.0262941004261167,-0.00779955430462275,-0.191255995451142,-0.21291168386371,-0.0842388044995048,0.0441930957699394,-0.0396411844874232,-0.252767140553368,-0.117270280724859,-0.148043835931015,-0.19726263061618,0.0857087360848649,0.0272691756235345,0.199915651634164,0.0944303367255952,0.157054046963966,0.363641234748038,-0.160537402573751,0.251698688875113,0.0585301036497046,0.0718538988216258,0.148743529897518,0.0560265246606344,0.640880402339525,0.254396077712001,0.40973146250008,0.632809699515345,0.212412780015565,0.361983163747469,0.611401827178246,0.556075731437787,0.200947495362265,-0.0962894672930235,-0.113297439688129,0.305167066129294,-0.085126163431528,-0.441836802470378,0.00765089398173614
0.0195498149826226,-0.0024148691268332,0.102543620440973,0.0697112192748988,0.000658573939354506,-0.0103415238786599,0.0427355900435757,0.181666127220866,0.184673484633845,0.217133410656232,0.182284483792397,0.0435112357483497,0.0924726674249602,-0.0229808278062966,0.141520627853045,0.14715645559856,0.0871093633902351,0.0386286473714363,0.0510749428448365,0.0834229330032662,0.159179505531637,-0.0557060907951875,1,0.129469374047545,0.0406602978670763,0.0928114139288323,0.0501882278094533,-0.0342540382666325,-0.0233764957011876,-0.0307687783031723,-0.120439225084683,0.0391456959252052,0.158840564114828,0.120155524979353,-0.0228164502248163,-0.0125075374715986,0.123811066129506,0.0577543413268945,-0.119753752815538,0.0197638214752296,-0.0772900786238203,0.0647080132905145,0.0488810062666725,0.0675789251016682,0.212638064220055,0.123367265935334,0.0974588907131717,0.118143955500576,0.167340098826593,0.183605327398054,0.155046074099666,0.152063244834958,-0.0526810024215349,0.0885975044480071,0.0883178955700215,-0.0132776295048662,-0.000137310305880933,0.122978727024969,0.187583734526676,0.21445575225457,0.0186184292195068,0.0990773692629104,0.104605716038461,0.229941525701633,0.169364768693052,0.180303828409645,0.064766293202689,0.171336399550814,0.0434919278299909,0.111082420992501,0.0356701732811783,0.0981909607591731,-0.0379187286476323,0.114872722388279,0.101131864661928,-0.0663912404779774,-0.0605190770236282,0.094535634497297,0.0344215482265015,0.0544291829496568,-0.0497673204165809,-0.0355143607171762,0.0773829032518979,-0.00846062896758003
-0.0621459246828108,-0.111414973817892,0.200874432340989,0.213298449473567,-0.0538036568538767,-0.282403683378616,0.000672402583952223,-0.046503673181591,0.395573456367348,0.421924502310697,0.469918956752577,0.392696457043595,0.137441594032914,-0.0216080707587761,0.0829960594060927,0.437139137712309,0.249055893117493,0.169660703818206,0.130532697652948,0.642098211280022,0.335194932832068,0.188775722064279,0.129469374047545,1,0.328748614800816,0.488556865236015,0.276763967006509,0.255608485212912,0.00628947132707649,0.0395273153871096,-0.0698557295293829,-0.104022805704585,0.200445289822239,0.0828330911211659,-0.246367345980184,-0.00988166014685304,0.0630124463973191,0.343305396072699,-0.053515032871585,-0.0169369556652627,-0.236742336887045,-0.225881504252408,-0.0663516740732176,-0.00988230294712031,0.257135458295776,-0.0248850961643235,-0.0429396991597279,-0.157280349279048,0.395385357904617,0.328760123484523,0.492218733473977,0.568348606987666,0.305669720584076,0.0651206440270638,0.172594399746472,-0.0563880342812558,-0.335654255888398,0.394255980443813,0.16367616427932,0.383750680207075,0.172115217737337,0.654953605622772,0.317215908482729,0.297922610578683,0.583167447370357,0.530149940040297,0.279680435137384,0.452609228568979,0.104827682822973,0.202097348129954,0.0113177904771734,0.306542964539593,-0.152256256711636,0.00373151790567024,0.274840827675751,-0.160761863847477,-0.264263456881519,0.143809390355439,0.0798290200758183,0.00570426084918149,-0.109393340145157,-0.397002883177115,-0.150307089979911,-0.396127974451062
-0.00595285886308476,0.124186156250598,0.0282603307169665,0.367527780387011,0.087233684530854,0.207198276479238,0.286034785280188,0.315178975784979,0.100745344773019,0.133294501896726,0.101030804626192,-0.109525396651286,0.0847964493626612,-0.191417410200384,0.106161136226501,0.384983657590966,0.134713667106607,0.0698667222585194,0.0896103204873317,0.50387425020064,0.309819590977195,0.685529462298382,0.0406602978670763,0.328748614800816,1,0.335269447742059,0.268859752541801,0.440167444377049,0.11070342452312,0.182799760656884,0.513081673814244,0.138816326864296,0.43058071342598,-0.00985311396448373,0.142861787614159,0.464466970771202,0.048664908990124,0.589706339329945,0.162180769017654,0.326339179673009,0.311065935240092,-0.175052487662426,0.416196758698357,-0.124311131286205,0.0141425074957403,0.0305120141701196,0.0473956854154194,0.174917008331096,0.0480438153167501,-0.019544130755903,0.0528488812311328,0.263110638641625,0.0550695074391005,-0.247481928205714,-0.0711474927805128,-0.195744599456991,-0.163553297621214,0.135017618758077,0.062242559343253,0.305493755042369,0.153655908063275,0.407620996027737,0.462815256950565,0.0955907561818768,0.518870058449807,0.318629646218893,0.22607365802945,0.375463319737975,0.151520778694346,0.598213700889034,0.245184484227097,0.710974635888331,0.412345524982291,0.292173397719175,0.607449123385594,0.502878565458635,0.309689271561477,0.309836665386805,-0.0162574036734273,-0.0631325253660413,0.218105259675586,-0.0847263268795162,-0.287151367375849,-0.06376504553648
