1,0.317118087819176,0.122757278399508,0.0798865616270392,0.509870848857101,0.148935343689142,0.323016735937036,0.419626491695092,0.00728873195165941,0.100236709798105,0.000245823572776728,-0.0242518224279659,0.0482900669641257,0.09703171125847,0.33415804468354,0.159983852357923,0.159343702197287,0.199030949321116,0.0283731403123336,0.0339568904403236,0.187163395265908,0.0521791431608858,0.13177229988015,-0.0261708217395841,0.0938185019550129,0.263987147337223,0.142190195172461,-0.0516816126432932,0.176395802837518,0.129591503460573,0.213475017584827,0.376226836511652,0.0852984914140007,-0.0418536379505195,0.0635537121848984,0.180892228898783,0.127291368004101,0.0663469092541296,0.268828626354075,0.261825901098066,0.298289330500061,0.360466845642655,0.215060669988555,0.450593568382611,0.14441222423339,0.153959118280506,0.516422408787062,0.200310906862345,0.0275898214086599,0.0262841988540978,-0.0171079498057952,0.0139046347432519,-0.0918688102954099,0.0653430706351177,0.111882750448131,0.123052866864805,0.299593541629522,0.137991715516769,0.0480840458168985,0.135355940889307,0.107022926279619,-0.021833112725172,0.13252471037174,-0.0491880488676523,-0.0157060289553268,-0.0162369509225057,0.11733025223826,-0.07382342109492,0.0902360551295391,0.111902763257492,0.156155275483371,-0.0234375082037853,0.237578293882402,0.0605786819009701,0.371899163204935,0.283773941435358,0.136419430651391,-0.0407889910331037,0.0935565240952853,-0.0548067130015374,0.163513509943943,0.312343146272951,0.32608543101002,0.271149955456004
0.317118087819176,1,0.666398774065315,0.812375801741594,0.446204530102517,0.409810031301421,0.725326037399408,0.444413824641245,0.256887780644823,0.155640132236826,0.243527250026838,0.146176725127908,0.429836720452991,0.36075404909157,0.27238285371488,0.330904405146495,0.438521964880827,0.770927399085143,0.606711238049167,0.386904993045728,0.715702351476927,0.404811466155896,0.292863112297222,0.231207884172358,0.266949883857412,0.2082046927108,0.683157550082084,0.31476765425786,0.239053652385911,-0.0296486862667596,0.134804840416952,0.0602822052389163,0.184072499394785,0.229183952757327,0.392362970648148,0.235493806306172,0.0197883924460818,0.16091779135794,-0.134307450662235,0.134909547512792,0.190827610273398,0.218850902232532,0.212387500723528,0.477056722611364,0.586293969109564,0.85370373438088,0.560733570230679,0.74591407326381,0.315020237816105,0.144886585967967,0.27402790835166,0.187039552790568,0.243137099679516,0.357201584751408,0.637464631005917,0.22999141993068,0.423435925496798,0.446574538891275,0.103149381568678,0.638006303397501,0.746409712623663,0.335886242550319,0.757769787120002,0.172800760071544,0.355121188286438,0.269555070619861,0.749748114995568,0.367275180970138,0.143714936501617,-0.275617136644616,-0.175030845183035,0.039502194800739,0.520075780815966,0.208552066489473,0.487883609978055,0.369378491267477,-0.0418421652473185,0.126141159645353,0.112009007226025,0.19218643104752,-0.214160954075852,0.226421362569846,0.20607630545804,0.0688867451577716
0.122757278399508,0.666398774065315,1,0.634484404813642,0.0303293846389695,0.57168135818941,0.810348947636825,-0.0105432077931159,0.321673437443406,0.249883814980844,0.362122020354464,0.379629170558448,0.48825842638677,0.53631484419823,0.21000108921121,0.264086477921885,0.562675697319063,0.695366990532792,0.817467582305858,0.461937931761941,0.646077532021184,0.492584745660856,0.311785392179654,0.247476625257207,0.120094502261913,0.0719779950191891,0.52930906778677,0.472798907888011,0.134888428189427,-0.150251838949508,-0.000729773650412609,-0.214085054697768,-0.0719097671482904,0.0897931045682294,0.35873362142445,-0.065720543578082,-0.063998380747721,0.0294092615669317,-0.260578323603429,-0.0550828764154512,-0.128101533131975,-0.0771808827793656,-0.120526470640723,0.423879915220353,0.843947411959529,0.512405314043528,0.209444560281872,0.411312684900631,0.269052341813604,0.253440824759204,0.299328320364574,0.396776569304603,0.373856878978793,0.387909442610172,0.788458529830704,0.423454859806375,0.255665438296085,0.600406103710632,0.0135363369011278,0.806268536501823,0.828005251813115,0.454560012559586,0.740279293696301,0.273627297627964,0.533138635059312,0.34801250181573,0.657252927192005,0.4711514292188,0.0228133265067688,-0.441044247925461,-0.244115801670522,-0.0157994174999613,0.436105669159721,-0.000623982884042332,0.133191296515769,0.0275780852657473,-0.135504442736813,0.0978464230471984,-0.0671407811769174,0.176959875680043,-0.292561787340091,-0.0599538010607707,-0.035671118918964,-0.151521748832086
0.0798865616270392,0.812375801741594,0.634484404813642,1,0.343106234464794,0.369731945606535,0.636568350089657,0.347493205059391,0.343459136935033,0.097468196841236,0.240019002864204,0.274401037923676,0.386163052932697,0.285093466514219,0.145108418168116,0.286893719814331,0.378295249437213,0.718308104548299,0.640546111646252,0.448784554732977,0.669957294131025,0.393350637532571,0.336049491718681,0.283315839224946,0.344700947016092,0.218452231187319,0.66654870334225,0.346938806447408,0.238791604763608,-0.0927209063785514,0.14357622785144,-0.0806960498670082,0.185590477724796,0.23980823873498,0.370733579748941,0.131240496112827,0.00820697141309591,0.181422003998462,-0.231885243997508,0.102020772443431,0.0570457035639951,0.143900370949222,0.139003950506591,0.243765550438777,0.536553790242661,0.90020131855964,0.415766881791721,0.759476442007632,0.378796790177588,0.163557346204832,0.314731439987392,0.234746097015666,0.330508241943207,0.329794216364119,0.619736002500808,0.106561396055022,0.333027186920215,0.426030870801241,0.167357141992689,0.634356808097444,0.730051298716428,0.435048600582149,0.686465984926056,0.224115244542715,0.368158028588426,0.403999123987026,0.731772480236078,0.401156440476612,0.197460827094399,-0.32673599408075,-0.193358104231944,0.125347211204088,0.4493068455734,0.193569735171459,0.372196042900558,0.244249686748553,-0.129352351674158,0.16435092464206,0.0952335249438159,0.321593153763178,-0.243997959631108,0.0512155953539569,0.105063753993659,-0.038710414706707
0.509870848857101,0.446204530102517,0.0303293846389695,0.343106234464794,1,0.0108315772182143,0.305474286972393,0.82639779611271,0.0383033452047949,0.0280600774332373,-0.0179674547115793,0.0223043163298105,0.145154389241673,0.0601383685233839,0.148128731179166,0.195219255430651,0.0312010504864661,0.243848083943853,0.0597320715184181,-0.0730681961682503,0.209772261022413,-0.0504234243949141,0.0151901269316997,-0.093999572230215,0.102692912163903,0.235082595131439,0.223147496212863,-0.0740713676780781,0.181151029696994,-0.00460999052772473,0.103307046593434,0.577622638558583,0.295347050162869,0.00692370060989253,0.0399898168828601,0.264569950489017,0.0838534207816816,0.0315134082943439,0.349526085163047,0.256514206443405,0.482339048809449,0.631052749689776,0.496808174583292,0.334795924488875,0.0271454934653225,0.428348113202492,0.683377775494544,0.540697257086666,0.112433776460475,-0.0246278549785047,0.0546123280401168,-0.0159651248847254,-0.0345379962922576,0.0591707134025657,0.0856992005618543,0.0821798165029381,0.317146380731552,-0.0172273873291539,0.0363697998324501,0.062849602504225,0.1398195028757,-0.110055967572066,0.119849475920275,-0.0310389658356069,-0.0646022746850986,-0.0128852627442967,0.197617423866356,-0.0897807078780993,0.115777336320237,0.151795989402782,0.0156818673051787,-0.037161164061832,0.145523383441854,0.210714993234797,0.633778223613667,0.384524816107615,0.100228053322825,-0.0252779061941791,0.112373517198315,-0.0796059889140095,0.278609240439749,0.344170409890405,0.477105110005311,0.490737057904895
0.148935343689142,0.409810031301421,0.57168135818941,0.369731945606535,0.0108315772182143,1,0.597996003051586,-0.0367980717750324,0.155326958401704,0.281632227819524,0.409062510819984,0.297641042458624,0.449239077175531,0.486371192340033,0.524099807294976,0.241633645354161,0.649067913231539,0.609141979434532,0.630631098379139,0.481398600408996,0.608797512609991,0.535152523154441,0.384330568181988,0.234895346387894,0.193235391956123,0.237314412676344,0.494674934462468,0.502532497120078,0.100771792035369,0.195479596932474,0.379004529683456,-0.0296939027785425,-0.0555738207610985,0.391277004377519,0.456153949123031,0.316719386831262,0.0332400690414534,0.400432133774186,-0.148348916749816,0.151926044808641,0.112592965547622,-0.0673484759377375,-0.0590387570956221,0.335581980661506,0.747122678598117,0.340219116115608,0.150797832591745,0.228552872819,0.168900759680973,0.301290726478154,0.309982291806477,0.413203037060976,0.364833106909466,0.567623279969394,0.677193680356686,0.410171015535318,0.531555575301282,0.678765310424566,0.00359311488764334,0.561211847634401,0.638979035574976,0.445711473172437,0.59024111463048,0.279027125586604,0.534218399709543,0.334070243786312,0.514211913070569,0.494516194560919,0.0629699362337862,-0.312444420466234,-0.0102873482132648,0.00838297791141526,0.509385585499195,-0.0881660131392758,0.196417235076301,0.288521469845796,0.149348105745668,0.239540280768619,0.12773221461196,0.2013489017406,-0.13613488342735,0.123928205088532,-0.108816252979489,-0.148295419689696
0.323016735937036,0.725326037399408,0.810348947636825,0.636568350089657,0.305474286972393,0.597996003051586,1,0.324534949016821,0.199071771628785,0.224265396057234,0.23970770832904,0.234962436189876,0.416115304821794,0.411858095876234,0.52619892422905,0.569725209114152,0.514641789454241,0.726089409169653,0.667944586403063,0.424825944664776,0.745720026575784,0.407197050361943,0.277762428522498,0.153106734182097,0.222957450359613,0.217928498860431,0.585001891929994,0.337968178750225,0.215572449607996,0.0536600714007019,0.265126275827031,0.0450469049753058,0.046588898617642,0.0788587205976139,0.282031725284809,0.0399739542677527,-0.0780440184087272,0.127608978114808,-0.158776700930616,0.345981102785867,0.104029474353525,0.133384378181124,0.0520075760169013,0.544154984872954,0.762639584632972,0.574142648824268,0.431128752611117,0.571589219285224,0.229698578245807,0.216778795337539,0.193504348755309,0.28321256806017,0.230915560410271,0.377253304956871,0.707831375397918,0.321540930323795,0.341888851388281,0.582964942538113,0.120833279412977,0.828865080805216,0.758337976203361,0.311676223354212,0.722164364746335,0.129114550135018,0.405306322867008,0.232135126512192,0.640736742828621,0.317029640666952,0.0700326156184518,-0.28493903095794,-0.174124564160275,0.0408659115701928,0.4864234813252,0.0360882939868949,0.352887955091548,0.14561386678437,-0.0644483335757396,-0.0635082951897456,0.00425816583794462,0.192514086003415,-0.226399601053638,0.165116022388904,0.143455951452062,0.0221190234936135
0.419626491695092,0.444413824641245,-0.0105432077931159,0.347493205059391,0.82639779611271,-0.0367980717750324,0.324534949016821,1,0.0889842374631875,0.0573141353205148,-0.0468354189432044,0.00461816176473842,0.157706653990316,0.0554944655140687,0.163290165250059,0.433437923333331,0.0192777989674626,0.256156091035324,0.0286244186305161,-0.0314810965547038,0.224301179449054,-0.027435522920928,-0.0117697743000519,-0.0876688066335078,0.193869986055282,0.257330326201143,0.236351753358123,-0.0391924961059839,0.202532513594073,-0.00241865208706317,0.0916732809845963,0.674470719888998,0.481596927729134,0.029635782792022,0.0597955625077426,0.312874848259683,0.050618885404024,-0.00374191019863596,0.246294480989105,0.323621694130157,0.565640463606209,0.613857675696633,0.667708195290454,0.257812808210428,-0.0286571657255135,0.43711217675029,0.646835594961894,0.703728204267553,0.160780990727229,0.028283289956938,0.0932793085381592,-0.0341798502343391,-0.00105187521763691,0.0693564211286589,0.0874643261915341,0.0559119621848816,0.254019726473997,-0.0406292144891469,0.181018138412185,0.144551670702024,0.155247592841074,-0.113696444891643,0.135871394188062,-0.0651220178883724,-0.0560384607306602,-0.0127226007434275,0.211220559767213,-0.053096371060418,0.0973247971127449,0.251382006772507,-0.0972027683926426,0.0819234127961092,0.0994463240736393,0.414885412196329,0.71171298908283,0.361885857353968,0.0306219272876357,-0.0600594382405242,0.0964956050318037,-0.0524163448771109,0.179614736394099,0.400734329295446,0.540185802600201,0.619014308278288
0.00728873195165941,0.256887780644823,0.321673437443406,0.343459136935033,0.0383033452047949,0.155326958401704,0.199071771628785,0.0889842374631875,1,0.404037822792776,0.469208122361266,0.381929404668343,0.186622124929479,0.31612762707434,-0.0320393696442001,0.166915398900184,0.248147869585921,0.373999830810559,0.291895093015487,0.578215872544065,0.373530081409356,0.556970499466882,0.380482772967812,0.500272078627173,0.505591271054095,0.353016322595187,0.289379795993204,0.473633212694804,0.154823945022197,-0.198102176272652,-0.0282547934089734,-0.119063812920728,0.259734015889606,-0.0715033223333374,0.320459022707372,0.0849215035169555,0.128071568273002,0.270256726027157,-0.140847165704772,0.0350474962567436,0.204809117137893,0.00450933128058825,0.0104018974098118,0.0358706683597283,0.210303144522244,0.258924481558607,0.0786635064465738,0.268665470443006,0.68241488111488,0.335413688159464,0.57035684509032,0.381143985584969,0.379339445687547,0.135348192097817,0.312507711846032,0.186504077362897,0.179265251094809,0.38773562558439,0.358841964372066,0.301036053771057,0.329604896044515,0.648237837834002,0.337181049660963,0.441485055563981,0.53782045046244,0.62908679151539,0.384044100069587,0.568540935291517,0.230628072555942,0.0222585427340108,-0.00586532313156864,0.413232995766024,0.235800287343414,0.275755080242838,0.14380439802169,0.0763282983577782,-0.0839651304769211,0.25516742576583,0.136367713594931,0.507498500077098,-0.108777070244429,0.212818412406312,0.069191433288206,-1.14430175067644e-05
0.100236709798105,0.155640132236826,0.249883814980844,0.097468196841236,0.0280600774332373,0.281632227819524,0.224265396057234,0.0573141353205148,0.404037822792776,1,0.610184780459632,0.477618562228916,0.338630197974702,0.512942559042226,0.111566229178231,0.164709245084783,0.325601410204779,0.303165837962239,0.29394727383386,0.435475587047041,0.260569339513613,0.423301483732877,0.304643011066097,0.429211401547364,0.305951338084397,0.239204055837316,0.194243023883792,0.524161063259893,0.151438400200875,-0.0915005000412032,-0.0405349574875136,-0.0107874941133961,0.0887486276861293,-0.0846860060598424,0.187438873578363,0.086016027571449,0.0267884228982266,0.202445903405732,-0.0549210296644347,0.0493057091118399,0.240575100077953,-0.030408568697196,-0.119582493407288,0.0916693403002655,0.281583257139694,0.110436955425341,0.125313971768922,0.097979278910248,0.332682361694757,0.510210841709796,0.546769361353583,0.563091526981932,0.421164839130077,0.344373554296696,0.323384403609816,0.537445647190503,0.213111007756661,0.376193887421616,0.258434542321935,0.20566508699869,0.302107935039762,0.463190618215545,0.284923522716763,0.262599073242309,0.476056150638718,0.424932499706674,0.21327227567325,0.47281833419379,0.0472376457051668,0.031646424516917,-0.0126575538298049,0.262822705558376,0.153189045429868,0.0883236708087259,0.135758755065635,0.115748361568437,0.0106445608204577,0.0768327814901048,0.0344416072916879,0.266393185071815,-0.109949765372309,0.243757509524268,0.0426368628635019,-0.0107396226178552
0.000245823572776728,0.243527250026838,0.362122020354464,0.240019002864204,-0.0179674547115793,0.409062510819984,0.23970770832904,-0.0468354189432044,0.469208122361266,0.610184780459632,1,0.675837761479054,0.490879984318913,0.641861840151131,0.0932623137744845,0.114577059728791,0.463335896076816,0.421152561596293,0.475989296131352,0.655321405485245,0.428304339828952,0.613638914616575,0.363030349788831,0.532087278890705,0.388785953626088,0.301977438619121,0.341139508469738,0.66074408051271,0.167695598390366,-0.112334415882499,-0.000904880081829439,-0.10448611730185,0.0451119475717295,-0.0191725822229434,0.371805189791999,0.115320651734949,0.0423961322627021,0.238543009403369,-0.129501689682249,-0.0344198828156366,0.20319335372077,-0.0677498446797697,-0.133265051962367,0.162063313166562,0.42318564571875,0.200200431146809,0.0700748217424688,0.119897024116962,0.374470818660332,0.498124131522909,0.715795229597372,0.726355718884176,0.621169849947549,0.487846013472832,0.460805108001729,0.593544042678177,0.310606080306071,0.509594036367401,0.203070621453653,0.2687602920806,0.466548136142185,0.651231765910476,0.440379794181857,0.387997278047517,0.659963837744045,0.61440323201065,0.357920314128685,0.684094332644035,0.0993799719949235,-0.10420791092301,-0.0861706605043295,0.258865599200151,0.289835431271452,0.0561970664715129,0.129701631539535,0.134104321214155,-0.0127408567850498,0.204565497498639,0.0613844422170245,0.335552526515544,-0.155160803746078,0.154976780204893,-0.041597062094314,-0.124168951004657
-0.0242518224279659,0.146176725127908,0.379629170558448,0.274401037923676,0.0223043163298105,0.297641042458624,0.234962436189876,0.00461816176473842,0.381929404668343,0.477618562228916,0.675837761479054,1,0.501742125632171,0.58531743236626,0.0115158180047635,0.163671540988794,0.308039254196353,0.302398401543684,0.441117981621268,0.59475828713206,0.362401179692311,0.449812924984598,0.388066376888588,0.439559908329623,0.336308201234819,0.268902986862662,0.218261108343021,0.533270670156142,0.10677314102592,-0.149848868570593,0.0535681955213061,-0.107186294006033,0.107413983050034,-0.0225396575517345,0.332732671881565,-0.00157803418314948,0.0608277744962714,0.168251147852678,-0.183992102423296,0.014489029744317,0.0720742191962853,-0.0212545746639939,-0.0443255785759654,0.0766104928448646,0.329499863193752,0.178982031350131,0.041273026676442,0.171332769370108,0.301562038289538,0.4148537179541,0.66234199235079,0.88396951218474,0.724065450611508,0.405260319153748,0.444867384788977,0.543827625293273,0.179592200003783,0.365362180992697,0.153056922036854,0.248716559579931,0.399847520997106,0.60298056343759,0.325181225222449,0.374562499534654,0.486987286376944,0.587596304606918,0.266364199575593,0.541527751934812,0.0770629342389358,-0.0712783955273672,-0.115851429196965,0.199470695236507,0.180650638670099,0.0918679920811892,0.0537598147227869,-0.0326701811858854,-0.0493825989793509,0.186261471713618,0.0157763986234276,0.352736109203496,-0.134173989785163,-0.0174021076655072,-0.00340728638972925,-0.0886047317692173
0.0482900669641257,0.429836720452991,0.48825842638677,0.386163052932697,0.145154389241673,0.449239077175531,0.416115304821793,0.157706653990316,0.186622124929479,0.338630197974702,0.490879984318913,0.501742125632171,1,0.69935480335054,0.159058502445405,0.220874385831226,0.496458999663554,0.52748771466825,0.604702674206376,0.377496362330493,0.530479246862231,0.426986735153603,0.292137273652378,0.280224249130704,0.273076269823821,0.177178274616301,0.499922811849881,0.463046110178825,0.153099600462782,-0.00896548372959072,0.0755099085330468,-0.0351618950999763,0.172349349433587,0.176768638088601,0.387495740985196,0.163548251745577,0.0158627576151121,0.14219342687377,-0.125397085109122,0.00184377122941776,0.150221490974352,-0.00502323824085248,0.105279458195783,0.251492727797866,0.51323087313768,0.436614444512121,0.221581755643213,0.392951264275046,0.119138479668007,0.274541674419629,0.464218586218711,0.536667241210277,0.615006945668978,0.751800152791402,0.601868786917526,0.576652913478355,0.380146646988633,0.359793288595052,0.0214169040361454,0.373395475672986,0.611858153806117,0.330890691096435,0.563387726056132,0.266088408741135,0.404079018757821,0.363144051338325,0.487192198373571,0.489159758345622,0.0146974284830528,-0.231887016115094,-0.247648132381807,-0.0260504979103122,0.278867703178662,0.176765116674859,0.26098561735309,0.194275978862858,-0.0344517514911231,0.268668534594184,0.0564887212749308,0.182309889153663,-0.162387045145719,-0.0263095774194283,0.0871307417354634,0.0280130138112768
0.09703171125847,0.36075404909157,0.53631484419823,0.285093466514219,0.0601383685233839,0.486371192340033,0.411858095876234,0.0554944655140687,0.31612762707434,0.512942559042226,0.641861840151131,0.58531743236626,0.69935480335054,1,0.114949847818039,0.226896923232343,0.561565157937126,0.536010153423669,0.598932048384799,0.546016718421947,0.52947712883226,0.48590437690403,0.370909096345687,0.43009893491294,0.337803149561049,0.272731204378361,0.495671543476765,0.669553406499085,0.125742441277161,-0.122602294349924,-0.0554053251866159,-0.0727679960290313,0.118322944274168,0.018600800953058,0.397493126766912,0.0377121974271633,0.0271483303435979,0.165855154205487,-0.112099799695053,-0.0885431757429087,0.212403891603427,-0.00183262258880838,-0.066798821203534,0.273745270370521,0.538297658032966,0.303593753064406,0.182919806260432,0.247230199882478,0.253667363993514,0.461030148509823,0.544841807204444,0.636685109736593,0.575732797787121,0.596056548523848,0.632631315391209,0.814451963997188,0.244789550169909,0.487518696127409,0.136062907571247,0.446320247115552,0.611271497607938,0.462334416659457,0.597448182958492,0.356659624680784,0.488790035786966,0.452962994197672,0.444792353895398,0.610966256354258,-0.0094072985987835,-0.246689746130506,-0.306774371767571,0.0938652801123745,0.1805635938858,0.167031557299534,0.205980487864147,0.055353563206446,-0.134165742943676,0.238220522423064,-0.0469233370916666,0.227201217351398,-0.157441926179183,0.0364043968059586,0.0572489977599051,-0.0132993673323851
0.33415804468354,0.27238285371488,0.21000108921121,0.145108418168116,0.148128731179166,0.524099807294976,0.526198924229051,0.163290165250059,-0.0320393696442001,0.111566229178231,0.0932623137744845,0.0115158180047635,0.159058502445405,0.114949847818039,1,0.561159839824687,0.399637746251161,0.283499849809988,0.153248086359515,0.280529121931995,0.401508776882695,0.217536968195301,0.320481633069023,0.0378675531692615,0.248468909522916,0.286008563611225,0.296113142830171,0.0367355047916016,0.19338837263999,0.592977923969095,0.769894313616747,0.145360755350923,0.0860138207677738,0.254556400170396,0.258812437333404,0.398363557050784,0.0171404515278304,0.385333227856311,-0.0102222419054451,0.7243941002813,0.0566116277800526,0.128166713712253,0.127094285061509,0.409838483515155,0.442453010297516,0.188989710828149,0.210072950250095,0.234468001522535,0.0672835881003603,0.0645485992388502,0.0030186499277965,0.0907260990347789,-0.06247956244849,0.198633847756117,0.291498624038999,0.106898140181223,0.457412641862118,0.402368549512634,0.201090494967359,0.481665383452486,0.24700156822093,0.153713836958477,0.2926096115372,-0.0247909848137837,0.0775480729040869,0.065518332126825,0.25761028493695,0.0516495588291953,0.156391743672713,0.141748161523135,0.301012186595635,0.143274552311854,0.531989486254475,-0.0652843245128604,0.239923122489246,0.277231067593699,0.380401025115011,0.082888867061602,0.211002464321474,0.106267338460479,-0.00975059011118345,0.315233231383575,0.114157589290825,0.0982930966180413
0.159983852357923,0.330904405146495,0.264086477921885,0.286893719814331,0.195219255430651,0.241633645354161,0.569725209114152,0.433437923333331,0.166915398900184,0.164709245084783,0.114577059728791,0.163671540988794,0.220874385831226,0.226896923232343,0.561159839824687,1,0.307434689545726,0.341849435047843,0.216088066727858,0.394393610043198,0.515572576392032,0.245648964552967,0.241744451133318,0.170162131628612,0.514525856354654,0.396784065783701,0.326924370734566,0.13993226087562,0.268986663162153,0.197131568376127,0.377143323195827,0.0793017222995824,0.511738555558418,0.0107581074702658,0.151259039718984,0.115627907535556,-0.0326216157414073,0.165255492605533,-0.22073741971587,0.644680745262352,0.167168265911626,0.198262548276518,0.285642354940833,0.239072955643971,0.268848740144302,0.273900281462248,0.186300311803656,0.568488240958908,0.144244704318433,0.092678745370909,0.118759123008054,0.118998555485027,0.0731839539029152,0.158632790774704,0.333572456819941,0.138208459282685,0.0956493561165551,0.321255903970634,0.533130791246687,0.646114062722907,0.331840333790907,0.228560419924937,0.383758447848243,-0.0372290158929253,0.11182522867971,0.205215684396792,0.320090638987715,0.168664956969495,0.167182228235108,0.248716654669973,-0.0498175653620929,0.463274154517852,0.222663979886956,0.436384399821794,0.307739184654985,0.0136127870599198,0.0259237680786548,-0.117882319673736,0.0839535157964528,0.31904448628864,-0.161072799937181,0.296128610105968,0.319478484558693,0.259716354301425
0.159343702197287,0.438521964880827,0.562675697319063,0.378295249437213,0.0312010504864661,0.649067913231539,0.514641789454241,0.0192777989674626,0.248147869585921,0.325601410204779,0.463335896076816,0.308039254196353,0.496458999663554,0.561565157937126,0.399637746251161,0.307434689545726,1,0.657296231449583,0.598112250476352,0.598028937602911,0.628321525208461,0.63456588180655,0.383285212489733,0.386099756311896,0.320772204951487,0.362418647333686,0.503015990809834,0.553527965194963,0.246847799284241,0.0309320590071791,0.20408011628381,-0.0580369404041012,0.084930204415351,0.128680678335325,0.314663916183581,0.163058264803453,-0.0233064499015845,0.22135328183549,-0.102816746065705,0.0352765461164781,0.0676341117092537,-0.011492613394639,-0.0677599087280828,0.30745157687893,0.654466466696591,0.36498240987164,0.195160712755208,0.299906680175091,0.18900019780137,0.269925129745733,0.325084097729117,0.414605575802957,0.305697660263169,0.553982381245203,0.743017361107499,0.484683352914948,0.413648928821969,0.81748437559206,0.208204366203513,0.638555794603373,0.66417057152345,0.5423101275535,0.688610764576337,0.148329068614898,0.536499163235204,0.420024852720784,0.508431833335205,0.590567808300396,0.0886173131481634,-0.295416840367854,-0.0980966935653186,0.0888045285526734,0.42872661003789,0.0995812994200008,0.241764221096324,0.163965414627542,-0.0782937044836688,0.187238102569907,0.0817675270666755,0.200915401715847,-0.163112905713487,0.136435306392026,0.0355046175296444,-0.105475116232034
0.199030949321116,0.770927399085143,0.695366990532793,0.718308104548299,0.243848083943853,0.609141979434532,0.726089409169653,0.256156091035324,0.373999830810559,0.303165837962239,0.421152561596293,0.302398401543684,0.52748771466825,0.536010153423669,0.283499849809988,0.341849435047843,0.657296231449583,1,0.740590286464408,0.619014107139834,0.82864390065062,0.701965267814612,0.399149748232346,0.431267481047345,0.436976875375358,0.346854733190077,0.786366928729761,0.605312035770346,0.239287270784445,-0.0851920067566129,0.125663339686135,-0.0293243216573345,0.138094903526987,0.133544024605509,0.365432364207644,0.179288517252456,0.00920578477560341,0.280790635408465,-0.250759839596844,0.0256189414890406,0.256859227945607,0.0772891420234038,0.0343279295763452,0.393383054936156,0.701215825073066,0.717542924732023,0.416485792745492,0.617519078269437,0.387545260468565,0.305851913509257,0.434986903108963,0.406350012079594,0.439296686648057,0.552281565921213,0.753526350692993,0.34832616655068,0.499270381139665,0.680836986115868,0.20304569313298,0.699921765102853,0.892137053788106,0.586399077687299,0.839083531597445,0.243796736950978,0.623661142227743,0.500653861430958,0.793909789032768,0.646934946537075,0.0952191043798283,-0.42995443321169,-0.301551833542943,0.0867826334654951,0.488332819165441,0.188416623039797,0.432175157388885,0.296821610322507,-0.218165759794287,0.127108215704041,0.10471521987915,0.341787558576881,-0.311123357038571,0.178430061432549,0.099622256388042,-0.0953909547870686
0.0283731403123336,0.606711238049167,0.817467582305858,0.640546111646252,0.0597320715184181,0.630631098379139,0.667944586403063,0.0286244186305161,0.291895093015487,0.29394727383386,0.475989296131352,0.441117981621268,0.604702674206376,0.598932048384799,0.153248086359515,0.216088066727858,0.598112250476352,0.740590286464408,1,0.512560317448203,0.677007624545638,0.583833607368965,0.33029474524051,0.306415708973786,0.181222574053638,0.136350167454551,0.639669797719944,0.60639767605082,0.154957637857094,-0.111659045156769,0.025234402646934,-0.16227536417939,-0.0343264103404681,0.184844514225689,0.416696114761206,0.0709566315410907,-0.0483480825173123,0.170091416253095,-0.24008335674649,-0.0983959823096749,-0.0163459297271124,-0.0920410773917694,-0.0593387941857888,0.287976388652512,0.802755346236566,0.54736583279746,0.175884143548917,0.417209233913414,0.294903024185236,0.359692965557256,0.448614587936268,0.497805074226664,0.519506126285002,0.546554856642245,0.838968008756718,0.469377664951659,0.296606309606117,0.619255284266655,-0.0103441739826012,0.681127581205172,0.881890414393943,0.493848727306246,0.75930702953379,0.322627277338344,0.649905529719616,0.451243295408801,0.677586873183809,0.616064341281678,0.0179407906820372,-0.534521227583406,-0.318750959476246,-0.0216492733422178,0.391837265084713,0.0210246552768332,0.184290739432887,0.0920763894826753,-0.198314985167899,0.126234279294226,0.0109147340780347,0.248364416372634,-0.292321394037993,-0.140240004970751,-0.0541669339443974,-0.213281651849444
0.0339568904403236,0.386904993045728,0.461937931761941,0.448784554732977,-0.0730681961682503,0.481398600408996,0.424825944664776,-0.0314810965547038,0.578215872544065,0.435475587047041,0.655321405485245,0.59475828713206,0.377496362330493,0.546016718421947,0.280529121931995,0.394393610043198,0.598028937602911,0.619014107139834,0.512560317448203,1,0.705631004277042,0.811066359956594,0.590317906465775,0.717764029638501,0.654221707941722,0.525592139308143,0.511762357014462,0.709440088805644,0.314240126041953,-0.0586077463772783,0.26289966317658,-0.280494062852437,0.168012675626912,-0.0225465981550902,0.413261513344961,0.0718918766692206,0.0615663615563802,0.415640102100859,-0.369097501117421,0.193359909676443,0.113704739187786,-0.075780291736999,-0.182382651849208,0.188554084973622,0.479122397781328,0.386193592236119,0.0780201345523457,0.318946102314497,0.456668597139429,0.398621355191239,0.649612244443573,0.633980949721665,0.532228618769085,0.414712911504217,0.609283125503459,0.371515083845983,0.266150624597849,0.711954560520445,0.449833535961017,0.561373532726637,0.597228392964922,0.862668710303313,0.640624399216658,0.353220348006607,0.702805046573573,0.772499479445696,0.550424329362708,0.763076041702727,0.212965070954605,-0.199556269024447,-0.145414645842281,0.409415710242739,0.446755704608167,0.185183397489416,0.161175042568776,0.0508321765329203,-0.157781129907432,0.176928113900397,0.104216240429261,0.632095788011845,-0.358314580459135,0.152336507111021,-0.039847793341228,-0.260240309263836
0.187163395265908,0.715702351476927,0.646077532021184,0.669957294131025,0.209772261022413,0.608797512609991,0.745720026575784,0.224301179449054,0.373530081409356,0.260569339513613,0.428304339828952,0.362401179692311,0.530479246862231,0.52947712883226,0.401508776882695,0.515572576392032,0.628321525208461,0.82864390065062,0.677007624545638,0.705631004277042,1,0.638258623436732,0.447154669332978,0.43031183969171,0.53298683975565,0.454523368124083,0.718568450607163,0.570415342741329,0.263748490580274,-0.0032946482737085,0.257162431133725,-0.151465754323775,0.197572031892551,0.112060470902325,0.424213318802183,0.129803859960043,0.00209150301446747,0.342600207130615,-0.296615632221258,0.269871347281038,0.223604273223925,0.0669873617763877,-0.00921972521920771,0.396008779684196,0.650956758766111,0.655544800067464,0.317850009238214,0.558747691763195,0.354979419135883,0.282185793531046,0.435977109022734,0.413392111351755,0.443792127860942,0.517464953471786,0.754522940400719,0.347148092773814,0.373113138111031,0.674769901715785,0.26129985327175,0.736647514197399,0.797115536934627,0.583138644597712,0.867794085543738,0.295213905291493,0.543837078771454,0.492167548331913,0.734849432183959,0.618208965696092,0.153502203830701,-0.333420005146734,-0.221111316145731,0.252053035208027,0.534800502884154,0.193819625465814,0.359744208547806,0.205768662025685,-0.127248023287428,0.138119889184079,0.116709779449103,0.462590384910316,-0.298939584045534,0.190218842597568,0.107143044366339,-0.128731951508872
0.0521791431608858,0.404811466155896,0.492584745660856,0.393350637532571,-0.0504234243949141,0.535152523154441,0.407197050361942,-0.027435522920928,0.556970499466882,0.423301483732877,0.613638914616575,0.449812924984598,0.426986735153603,0.48590437690403,0.217536968195301,0.245648964552967,0.63456588180655,0.701965267814612,0.583833607368965,0.811066359956594,0.638258623436732,1,0.455175553933132,0.622673584943161,0.53601402499789,0.458657352112454,0.548723878302556,0.716663585915351,0.269814532039057,-0.0731461440220625,0.130854292259322,-0.198115383313743,0.115948287588546,-0.0242658646573975,0.313469731842623,0.198906286002789,0.0614893377756602,0.380183222505139,-0.305691779250378,0.038367652109005,0.165978563166495,-0.0713663766790604,-0.16445550524616,0.196447318875512,0.581025146169861,0.35346032314355,0.143938128418305,0.329737469446802,0.456669227796478,0.40199673009713,0.640494899080485,0.579976293207092,0.498419513670642,0.493825090307757,0.630628265836447,0.304001088635801,0.4665673098214,0.760276209792951,0.381261125367342,0.520170173777501,0.661578902888879,0.838347378305302,0.635802802814707,0.323029769789251,0.859345248465845,0.739816853076189,0.577328851245932,0.804209638262165,0.180059543732754,-0.194269439206745,-0.0881209905818897,0.304567289292828,0.507019223145312,0.195617708973556,0.200567468636461,0.26010197345693,-0.142102179178892,0.0893035033598053,0.193135487248747,0.559411733330167,-0.28129549822749,0.231383400364436,0.00299679285382891,-0.205002204882801
0.13177229988015,0.292863112297222,0.311785392179654,0.336049491718681,0.0151901269316997,0.384330568181988,0.277762428522498,-0.0117697743000519,0.380482772967812,0.304643011066097,0.363030349788831,0.388066376888588,0.292137273652378,0.370909096345687,0.320481633069023,0.241744451133318,0.383285212489733,0.399149748232346,0.33029474524051,0.590317906465775,0.447154669332978,0.455175553933132,1,0.489128489901638,0.479777275860252,0.375215797372537,0.40283895091437,0.410007529762558,0.295395452666963,0.0732383128507974,0.395251063157663,-0.151807556180473,0.197526690108539,0.227801020118445,0.438287437438794,0.211068926441408,0.203224713063369,0.434988332492094,-0.209035736523281,0.19513921833055,0.0799044591262679,-0.009791537773758,-0.034992742935228,0.183666424007988,0.329648417513204,0.310928442983606,0.0581247166277023,0.247656317801516,0.333688333705511,0.265829704970156,0.399441122282105,0.418105139746063,0.323247720452668,0.275085708977699,0.40475319653177,0.248077540950893,0.26290777327083,0.425763516094661,0.213311028748288,0.363275702178068,0.391993844742458,0.548492523539725,0.38013420864096,0.267332338186938,0.375317622603926,0.562392075454855,0.406611649036675,0.470882620887033,0.191006816206145,-0.144914801559526,0.0131298261764122,0.218693048096939,0.341510792037074,0.12326690786911,0.0957916090117923,0.0642327745368786,-0.00521929777186117,0.363331774966634,0.227351260448501,0.397556001172992,-0.160500866194709,0.0447117341873432,-0.0381881031123536,-0.105293820276669
-0.0261708217395841,0.231207884172358,0.247476625257207,0.283315839224946,-0.093999572230215,0.234895346387894,0.153106734182097,-0.0876688066335078,0.500272078627173,0.429211401547364,0.532087278890705,0.439559908329623,0.280224249130704,0.43009893491294,0.0378675531692615,0.170162131628612,0.386099756311896,0.431267481047345,0.306415708973786,0.717764029638501,0.43031183969171,0.622673584943161,0.489128489901638,1,0.597987347081938,0.41673780368499,0.375751351863853,0.590069592500484,0.228486919718042,-0.125960758822728,0.0483745816478152,-0.269345153462994,0.188841101780367,-0.00218928734611243,0.267444178604372,0.0746535457946898,0.128632401733161,0.422785613728873,-0.289770148873597,-0.0193255205016368,0.15874607438943,-0.0901036323347149,-0.190426302085844,0.0654939676264502,0.234648909554882,0.272214981679891,-0.00581185303959943,0.16988110945234,0.4143019272183,0.318639641271895,0.594355360410681,0.499125832042999,0.444136051937507,0.30416101687385,0.372208037304495,0.288521457436333,0.174790221007551,0.480312780301634,0.365886273129837,0.284091910945755,0.376038862327499,0.711298323571125,0.411998332199034,0.337682652997381,0.550138828782536,0.684644064361666,0.423732087449325,0.664748686900391,0.166902182428716,-0.125113595753544,-0.118277912816002,0.391035859657265,0.203505481834673,0.226427316371715,0.0609149368030447,0.0243511357715979,-0.132243422274281,0.197281002127955,0.129240620358101,0.574405212057191,-0.24870575891335,0.132252630168384,-0.0460440036733301,-0.2028405290191
0.0938185019550129,0.266949883857412,0.120094502261913,0.344700947016092,0.102692912163903,0.193235391956123,0.222957450359613,0.193869986055282,0.505591271054095,0.305951338084397,0.388785953626088,0.336308201234819,0.273076269823821,0.337803149561049,0.248468909522916,0.514525856354654,0.320772204951487,0.436976875375358,0.181222574053638,0.654221707941722,0.53298683975565,0.53601402499789,0.479777275860252,0.597987347081938,1,0.67407496642541,0.458755358433688,0.386087730144654,0.278378013783433,-0.0129333519566074,0.228455873187612,-0.229961313080671,0.515303431482881,-0.0973242091969911,0.218425636752155,0.160678408293013,0.0881635171538597,0.390246226308282,-0.260099807373595,0.348424572642438,0.369836103534569,0.0943652711531159,-0.0159040389126131,0.0818905934656464,0.139196856156197,0.353387047296225,0.0901568603930065,0.411533046855737,0.412610368175096,0.235911352528761,0.425729467093139,0.325044576736942,0.31574615412118,0.265493850569863,0.273061446076614,0.189729492229165,0.247204958796231,0.355289992459779,0.676068421694227,0.382948718835776,0.324637838734819,0.631084488637133,0.374291018802373,0.258445521825462,0.32978087005599,0.625593749241438,0.430950591866017,0.516715546370679,0.29114824106953,0.208956810883129,0.063763195425804,0.720946180862126,0.229179089691705,0.497220034373001,0.19961496533589,0.105035267735617,-0.0333584341022894,0.204180310767612,0.257767272368472,0.682617705983295,-0.156141943646179,0.384469034200728,0.174018547274953,-0.010292818968239
0.263987147337223,0.2082046927108,0.0719779950191891,0.218452231187319,0.235082595131439,0.237314412676344,0.217928498860431,0.257330326201143,0.353016322595187,0.239204055837316,0.301977438619121,0.268902986862662,0.177178274616301,0.272731204378361,0.286008563611225,0.396784065783701,0.362418647333686,0.346854733190077,0.136350167454551,0.525592139308143,0.454523368124083,0.458657352112454,0.375215797372537,0.41673780368499,0.67407496642541,1,0.34829319365885,0.34591993503625,0.268516150450386,0.0285713647734135,0.258318120632563,-0.00597468808083473,0.377029912375075,-0.0717221897599554,0.14082796799006,0.179948342397308,0.0616263769902554,0.390391645081072,-0.0341754156513162,0.352616162980114,0.354240037557691,0.233854756272798,0.0347866797434934,0.223150839381391,0.167164799235067,0.215279669452401,0.200761637155716,0.279246481097049,0.310319840702255,0.212207718940226,0.309946149340883,0.297627307202603,0.205468903221988,0.225083984463864,0.259041511813194,0.194135506724288,0.234603611107548,0.421369422308666,0.519943766296177,0.305240329651775,0.237354121849143,0.481739146884701,0.310629275530669,0.152873795480372,0.275903943297939,0.469997710669736,0.31010866382846,0.412034393694205,0.263043886534082,0.152588027481893,0.10169440577336,0.505371440703818,0.216567813533763,0.344693697523691,0.256568785351021,0.1575249230755,-0.0157417308933726,0.0839180567382463,0.27688059440884,0.490705938267149,-0.00242934170646556,0.344187484036257,0.20157044669146,0.042633687218857
