1,0.458684048886096,0.237368167070266,0.284848406513926,0.612751373323965,0.312515133313371,0.484909836028647,0.555893230880002,0.217284430622691,0.120753698690107,0.106954508526131,0.344861513722523,0.30967110715219,0.0492133917652507,0.423659192953354,0.43842163118223,0.300964279246168,0.200480139702115,0.235936646395455,0.218457806155746,0.332376171165406,-0.0428291923216486,0.159020932957968,0.131372410170429,0.324516678932495,0.268437011725164,0.129687351416514,0.125823742317057,0.338730908124591,0.466737096440501,0.469513529853721,0.271422662972133,0.303801192080864,0.132715841165611,0.237246614467908,0.421706141938683,0.281168471661612,0.20219384698116,0.445321826619486,0.528857433094673,0.59996143384037,0.464833179546027,0.489084229617973,0.50750964324701,0.268826002366357,0.384076456151481,0.548741206255396,0.448980997676254,0.339513624824195,0.245557184169939,0.188511310113859,0.32507394004955,0.140301360946751,0.251292409290619,0.290436329759193,0.144235587816658,0.362091405439168,0.331443059160069,0.0798813754021485,0.290454641590442,0.130951631037851,0.167035458299403,0.328690111652243,0.143427822246414,0.0764395093987721,0.0737551875535887,0.210828699709582,0.285114186630679,0.265883111170382,0.316445602971803,0.347222972915707,0.338392910634664,0.450301480239041,0.339208637925193,0.380587983134377,0.346444235245747,0.450820208468066,0.141137663430539,0.144275291178674,0.102265028739437,0.33535202209198,0.570181211352743,0.46579557011408,0.492302242747436
0.458684048886096,1,0.639045606363555,0.71750126099366,0.46520414381275,0.362315076301045,0.651688298454989,0.478046276357371,0.308319053267206,0.158733760693396,0.246589439557893,0.444423183113222,0.452927336579336,0.156469603627971,0.514110168962785,0.504594824325971,0.261958733232481,0.500146392134481,0.374437548156639,0.276047298514569,0.487780076118836,0.010000307123605,0.221033057611296,0.202637298228017,0.302079207373538,0.320255534439094,0.371138935911247,0.268959906036524,0.374041630035991,0.342633961553105,0.37891623771436,0.165263553965151,0.244139707645261,0.0524319714787372,0.202281363268981,0.278412018076335,0.126097276381034,0.103746308821295,0.353704379819446,0.363974651595631,0.43476172512746,0.201733089069969,0.272306832092018,0.617415998705209,0.540445558393427,0.754283328296404,0.518035942288973,0.701782804362563,0.379786569443926,0.429623667286663,0.315806070559899,0.479379396761826,0.461865151446661,0.350614954627724,0.461673511188267,0.282559189606843,0.281481285073918,0.364820710189725,0.103506790844727,0.599559944944339,0.312876572218628,0.357880477275548,0.484551749585061,0.265761090653254,0.131792593796268,0.17989019535109,0.261800178421836,0.354899390502445,0.177939807644096,0.438540235847166,0.233747561777569,0.298422507338183,0.350212608752107,0.263872312961082,0.495657985168146,0.355926014392945,0.431234194670765,0.112282803618525,0.098090331834121,0.113154164789467,0.226019978650247,0.496638507880209,0.332993382451641,0.327856309092834
0.237368167070266,0.639045606363555,1,0.775653195915151,0.208669647767443,0.356997983423553,0.772855333411375,0.345519724001665,0.292712387681534,0.141820794758065,0.255637874731693,0.475928395128919,0.494736418681593,0.183473191496127,0.59214174313336,0.620288447880112,0.281267576656236,0.531596414001803,0.459516147014556,0.300662471376832,0.502631652050537,0.0333724949587216,0.185663146848377,0.216154608934157,0.260722556313726,0.331057083817668,0.39776236196129,0.257887419818119,0.271977623698383,0.288971641693953,0.346374529110677,0.0556510340236215,0.196782288582404,-0.00222275460899055,0.149443423613059,0.201191999642247,0.0281805208416493,0.126031477109608,0.129992322760594,0.303985173873738,0.20657490726875,-0.00309702506187628,0.09325517904831,0.530639042472931,0.793164303354608,0.735683333901782,0.395163863594963,0.784131571557513,0.370697825400555,0.390459641009678,0.322868857775026,0.545777993034121,0.575288242420935,0.33201574154419,0.480345145450688,0.286848473044599,0.123046096415608,0.322061699636953,0.120845139991907,0.835639775294246,0.27860238338062,0.504045096790471,0.570555306153833,0.261306869853016,0.179280801466935,0.190500031345865,0.179932790308319,0.321352627591369,0.13206928543773,0.594640161585508,0.231539280881611,0.310331970370662,0.287182402420952,0.207391644966986,0.357210534242331,0.297007175193152,0.361803686315686,0.019559960596809,0.014056009056923,0.0542643541931719,0.048155911526507,0.328942055231395,0.236357767000336,0.180799894049525
0.284848406513926,0.71750126099366,0.775653195915151,1,0.270757539629262,0.269548281549134,0.642415155573969,0.318412451319231,0.363421912388126,0.226909548474814,0.344453591448045,0.525495822185545,0.569749913405645,0.251965717645606,0.490825289409115,0.570126422561507,0.306046196248299,0.503301619782231,0.442595043839526,0.364427843377192,0.505503395656951,0.0930235949439953,0.240459382947319,0.293520086640679,0.318972937937458,0.348688822913273,0.486956484151185,0.341926114292948,0.315470083973583,0.270261535050175,0.32417382366807,0.0497587031495638,0.184785644862598,-0.0216787250851647,0.149868466675056,0.28469981453935,0.0694230247097405,0.100158221024617,0.166287262554303,0.340427457950863,0.226227691213206,0.0101010913394504,0.0911466697268123,0.457486815609517,0.577476459094502,0.850787158440865,0.419809854956902,0.721573525517533,0.473986323210716,0.485903073186434,0.430505992117985,0.582847490231881,0.625895962719532,0.404354185476751,0.552384732615516,0.391792847138163,0.112223373894691,0.38733377955817,0.182200075684982,0.753805442118443,0.388798274959334,0.480406843075506,0.60007197673288,0.286197673481511,0.282094668513253,0.329954524411632,0.350553958221546,0.406978428043241,0.215032223508383,0.539485908615905,0.259952328831698,0.388790102695117,0.332550372059418,0.23061651122652,0.469383267455346,0.420070118742794,0.396432349952369,0.100676944540007,0.061483208911933,0.168566319380262,0.0604899612138752,0.380439458800758,0.188025133223976,0.214951489197741
0.612751373323965,0.46520414381275,0.208669647767443,0.270757539629262,1,0.338122190326631,0.427338295029048,0.71026741971533,0.286981047586766,0.109611130522611,0.146170882385588,0.298554141013744,0.292596701471035,0.0737735733070896,0.379626443244209,0.341625153657858,0.326133813538184,0.23248117791642,0.282215020556281,0.0869584675381427,0.269377796124642,0.0146139390399481,0.165796277951802,0.0819873846622613,0.372126743417348,0.340150793091081,0.13290205928811,0.157397845313529,0.312956268849666,0.545057379948345,0.463092410598789,0.413443656818271,0.410844657119052,0.224249466774776,0.194277116292154,0.445948337651586,0.349537317375345,0.224743121778916,0.671842984391096,0.534370779086825,0.744347276113387,0.676826356260655,0.644652601222903,0.559757098121481,0.195528487350084,0.424799701773539,0.643841511678935,0.455442436369074,0.381829344444989,0.227353072456505,0.191202282554811,0.287097620416802,0.0666696782320897,0.3983280268866,0.337764770656265,0.182078680214937,0.455352035844335,0.444963303196053,0.152053861555623,0.210873688729451,0.107712978089409,0.0580005306101727,0.257642205943092,0.0880383007502516,0.169802484063284,0.0523424688559429,0.204229017353318,0.298593135212184,0.206353667882149,0.209154739934272,0.386120542564073,0.309846234104102,0.451347990635634,0.423910966779889,0.344837196201546,0.327465513754467,0.448398110061165,0.23769591687001,0.316798046464858,0.127371222481147,0.560778513447382,0.681418920340276,0.631034259625519,0.565190734415661
0.312515133313371,0.362315076301045,0.356997983423553,0.269548281549134,0.33812219032663,1,0.379062732947055,0.646098564086318,0.363386006342675,0.067455145108485,0.215722358719587,0.371980409347944,0.327229748380418,0.300601718844951,0.386012488684542,0.294465403608302,0.153304075589807,0.550399683941552,0.390225629533839,0.22903036398662,0.457672216036231,0.0805574480934701,0.337191490614049,0.271717368349139,0.623670219347199,0.441545254218536,0.414042226208111,0.550067640655954,0.0879106614548349,0.386775052213074,0.378132944846761,0.630242611043872,0.548968302348003,0.52584662039914,0.703565242318129,0.502347371416011,0.408805251772017,0.444717886817877,0.405354161206864,0.2775120328384,0.502673940598354,0.315058658545828,0.46863602040054,0.42653480686188,0.538976694518856,0.306273271323888,0.441104858660245,0.586488226302281,0.427036960496268,0.258701455432624,0.263063342801536,0.37460878756028,0.377071045940264,0.383457098731688,0.396059787147206,0.403739626385476,0.723764323479122,0.34242103848283,0.132142400830484,0.328525215023412,0.375462147044478,0.221103441008581,0.384517723413339,0.650067229847132,0.30578819027382,0.237349573201924,0.391858324777654,0.56080910479681,0.0135498168412699,0.157406302213063,0.0347341112459199,0.148873776047066,0.202855663423648,0.501088434234835,0.553543850033541,0.423302878613709,0.314553589933521,0.592928013404978,0.307124675094893,0.38316255775939,0.342424798595239,0.395108128827731,0.49572161412614,0.315689505730749
0.484909836028647,0.65168829845499,0.772855333411375,0.642415155573969,0.427338295029048,0.379062732947055,1,0.532627488230168,0.291337405865419,0.143851353767411,0.198998263331378,0.470571094302035,0.452228677907381,0.06757367046875,0.842614884792817,0.783174534262898,0.330881113966176,0.44464029674762,0.386813492675454,0.495949256932093,0.60917210534374,0.0333199315583911,0.234218770045152,0.208079813827846,0.314610022602415,0.360221495808942,0.329399183171124,0.177623068839068,0.363276541600759,0.561738347386189,0.638848553160259,0.14205112585611,0.245692680314581,-0.0497986860065558,0.158194256064378,0.50045973441085,0.109248856518146,0.130268825988213,0.268015968641074,0.609328777900992,0.541496881130818,0.200903763819908,0.385748030240688,0.661612561977917,0.723550459979075,0.700782950721953,0.524652013968214,0.783277217324993,0.372119470768852,0.352590487597328,0.297304658487115,0.475866457119679,0.443988195530204,0.357870295878548,0.425800046871252,0.209803166378876,0.200151330095112,0.38112551864367,0.164337837515383,0.767478418023923,0.165819614763391,0.59085382668259,0.655648298018993,0.212323618513996,0.167378158056563,0.211824569909866,0.239339930712326,0.344105764833868,0.239524066424409,0.659038769739225,0.383608313718375,0.468108695460398,0.490160628984662,0.304524778968474,0.495411365526375,0.413308375977823,0.587137068145963,-0.0482094349150953,-0.0273736082543209,0.00405708856011775,0.138054747838904,0.540863273149384,0.37103613907895,0.422486245314498
0.555893230880002,0.478046276357371,0.345519724001665,0.318412451319231,0.71026741971533,0.646098564086318,0.532627488230168,1,0.268303782473613,0.108975883016882,0.122333309395225,0.360106957731092,0.278571152484152,0.151602825849801,0.425565318994617,0.344788393306911,0.245894273759087,0.395721557698968,0.318136859919229,0.0452366086810045,0.303378879180878,-0.111498623129024,0.22436735426858,0.0717980773641858,0.41064292031121,0.334482862441036,0.241733567648432,0.24047435357139,0.236626669095979,0.517432043834278,0.452250760229066,0.742654935640901,0.63038277121057,0.436463907664046,0.419667762865148,0.471271437224891,0.301006079170641,0.280363059311507,0.655904912708604,0.445384670006662,0.715170837326961,0.672747154098872,0.799050141587299,0.598509826362955,0.341999134904606,0.435930550251306,0.6521492923554,0.700913174863277,0.382286361494032,0.296787577562366,0.193428323780034,0.361675151702786,0.149462664981787,0.45210710130301,0.403725684428645,0.216164836444222,0.662184930872955,0.490814252659882,0.15324829782594,0.294265750413911,0.200234212194555,0.0437090318184538,0.248643746555431,0.241539243338094,0.151053731692658,0.038045636384107,0.258428287184592,0.347571535955275,0.096359348222481,0.17412907079493,0.203480560277559,0.13418197547037,0.319282370746487,0.609436436666804,0.520121913696402,0.273437489352722,0.363566573845405,0.355447886773954,0.24498962526419,0.108099222808496,0.614870043009914,0.607505500276551,0.756258235099232,0.645309155497323
0.217284430622691,0.308319053267206,0.292712387681534,0.363421912388126,0.286981047586766,0.363386006342675,0.291337405865419,0.268303782473613,1,0.331776355464506,0.656700591439353,0.469661775002519,0.632046800208988,0.576249119947346,0.429354532528747,0.427379573526881,0.501028488447,0.47077524302575,0.556257920553312,0.482086796395164,0.520114211479141,0.579530720874891,0.531898549121163,0.566513678706634,0.517569063510875,0.569007678817251,0.488236558640339,0.563988118003863,0.23809437605616,0.242011790624862,0.372344787114035,0.0744278561226109,0.230616464951053,0.0780741157149619,0.473030173393158,0.329754540938725,0.402928234220635,0.164833469809272,0.316594422744166,0.333808464385244,0.360558874297737,0.176480322445712,0.169959406171237,0.249992032985369,0.441389674423076,0.337689917029542,0.253349865340828,0.370038644678929,0.756514544106202,0.382008405184826,0.595590073791674,0.375767389743399,0.589578539687306,0.491397170418719,0.536354701524999,0.569444249390097,0.25298615039339,0.369207934071906,0.117611238767087,0.37267610321013,0.462876116135945,0.439885915999031,0.468443044440668,0.600187063948707,0.561006277951777,0.55646964505324,0.510948629026427,0.617396178466894,0.243605150775086,0.340628679044908,0.27819018606187,0.487398841687428,0.446140047346735,0.349616294283196,0.377383636042403,0.452672478947507,0.358612165303552,0.455340763855292,0.223935126133531,0.46264735283211,0.201762061232725,0.409879518327809,0.180922640533556,0.245848567502244
0.120753698690107,0.158733760693396,0.141820794758065,0.226909548474814,0.109611130522611,0.067455145108485,0.143851353767411,0.108975883016882,0.331776355464506,1,0.447150402467982,0.35909949448566,0.333313377544378,0.311098949493741,0.158776123656924,0.153159500242069,0.37960629119661,0.177494496852566,0.212491386213315,0.162958264574073,0.212659306730792,0.207815673360639,0.287921282249793,0.278413644426745,0.102393348097614,0.180374635305202,0.18257184808829,0.224682389499534,0.0620280704393439,0.0572105649635389,0.124135358607595,0.0322500708108856,-0.0289388062709608,0.046281443335343,0.0845864919611432,0.0640290526117216,0.106612441613661,0.0515346715628381,0.139601469303569,0.0966514312564484,0.0899335552470759,-0.00653539955962677,0.0435278367989722,0.0653164776783806,0.148774314305,0.15605710845337,0.110519879417012,0.170177389351879,0.283261656081436,0.309205581226761,0.407500086862933,0.329154492571059,0.226445055947127,0.267625517462938,0.257978117034888,0.24424186909045,0.0970306067285934,0.300012750879655,0.0401431940631389,0.177015146511958,0.252527399473847,0.0696619805409497,0.155180051779618,0.12539963924552,0.201481899197479,0.230892463451635,0.192229112276223,0.190656943574165,0.10517452470273,0.0428009042721813,0.106478068873208,0.0788939972013329,0.144311318150044,0.109890467165224,0.157467317092564,0.156961207967198,0.168746179285803,0.169188628704816,0.0477339640969878,0.150556244336659,0.103185695368928,0.130544300011827,0.0395793660339715,0.0452770487578568
0.106954508526131,0.246589439557893,0.255637874731693,0.344453591448045,0.146170882385588,0.215722358719587,0.198998263331378,0.122333309395225,0.656700591439353,0.447150402467982,1,0.581260442277386,0.679290899070907,0.556772435765441,0.368303622944195,0.354462741040693,0.576710059584922,0.486893893122082,0.443025856585552,0.509621015134473,0.502636077184394,0.644800663265321,0.445970776819079,0.642024052502613,0.463443738028623,0.529334645065605,0.453636394537027,0.621461114841127,0.171411550543113,0.203739482197033,0.326916865337694,0.0330237617369137,0.0772434470693265,0.0110468106157197,0.351035082993181,0.285156591301385,0.330265727664565,0.212806858727343,0.207549629210586,0.270502972556706,0.21051867129154,-0.00599366096284307,0.0666092448336686,0.113422993709173,0.335024593281715,0.27670749349419,0.0839096412261042,0.250978080468823,0.670185108814164,0.49626277114648,0.713093905083136,0.490201978538478,0.607616892052013,0.454477939381653,0.451254481504564,0.530153321380667,0.126383331913219,0.364979787351687,0.0010170380416476,0.293557329783066,0.502543020862907,0.310329120658915,0.388359927246796,0.511014443727298,0.566236020415265,0.593567137612072,0.479427270998363,0.551108091884793,0.233373386453223,0.186820449846677,0.273173413438857,0.336572321030586,0.309829019486684,0.234224807314509,0.312687123080227,0.351628718332229,0.287939760752118,0.418109537734811,0.215499929671646,0.45616198482839,0.0793420532001875,0.237053528254427,0.0222488437907133,0.0527080588146696
0.344861513722523,0.444423183113222,0.475928395128919,0.525495822185545,0.298554141013744,0.371980409347944,0.470571094302035,0.360106957731092,0.469661775002519,0.35909949448566,0.581260442277386,1,0.723421415899783,0.367540231528804,0.426795024577688,0.632088555530048,0.57039588723398,0.434914545419042,0.456884423000222,0.493306215724528,0.568717491240505,0.266334569952528,0.335346722045372,0.385088230919576,0.459138881472795,0.432037891432007,0.366301358972938,0.560272491387146,0.299007509700428,0.354029274236797,0.512131411451323,0.152285402481072,0.261199457515165,0.185149871179353,0.400137011050181,0.399378937489797,0.284785702065565,0.31300637857101,0.228583487021811,0.48333278569396,0.315653349590937,0.153782845677926,0.220254782692925,0.310450833915268,0.511429210289705,0.497422088486101,0.384222385529021,0.546767791129239,0.59847237792238,0.527142314624693,0.652157431780399,0.888675749221945,0.614599858481395,0.532885504052658,0.567822672380853,0.527439389563342,0.260851629989644,0.642024075098286,0.13443027675508,0.563447360565495,0.378027694974179,0.402010775277876,0.573176566686069,0.440668763550501,0.340065736295213,0.399685783700198,0.413172434353529,0.582458601132494,0.302600559798717,0.457065359307264,0.359062677395202,0.414656839901498,0.481881565029929,0.318213508721111,0.386482899496496,0.460914581031641,0.473488048169164,0.372338500150361,0.17563189108615,0.319356581120841,0.139939193513539,0.476765300671112,0.276147733306857,0.260918963465703
0.30967110715219,0.452927336579336,0.494736418681593,0.569749913405645,0.292596701471035,0.327229748380418,0.452228677907381,0.278571152484152,0.632046800208988,0.333313377544378,0.679290899070907,0.723421415899783,1,0.466628333869208,0.487280394142475,0.642976745663677,0.723118920938229,0.466541284520161,0.541811789388916,0.569523521496987,0.669526910477031,0.517282147602007,0.444142405238361,0.467242915359067,0.538232729288302,0.566972266853022,0.449115741592792,0.6032551908714,0.313349120703581,0.382408336039695,0.47025744220613,0.0817079748657488,0.219561705227226,0.0755166689670586,0.376216609112825,0.438757299185588,0.330489946948236,0.282091447926973,0.283108342010388,0.482977557576692,0.367895373718122,0.12240157953643,0.165327005432359,0.309714894358439,0.525053139433607,0.513038878696521,0.319647438517341,0.510248857336913,0.705029174700559,0.465733945160887,0.651387609360968,0.66700680411015,0.726672235515501,0.616954542032801,0.636731918914222,0.55782985243676,0.259590160476095,0.594411029105774,0.20186009997242,0.585021471626697,0.44897315802439,0.508875235195437,0.642191502593487,0.50838243165,0.480497056526157,0.514393612010106,0.506365311451819,0.629426644179517,0.413616174495783,0.536190327296217,0.519202078151584,0.592354470713532,0.592486910128463,0.368156169104957,0.406809863880369,0.585982712325478,0.546679489996879,0.416592552993926,0.250680030723584,0.427527883953384,0.186184690177393,0.537593357087932,0.213984497264497,0.265708587426254
0.0492133917652507,0.156469603627971,0.183473191496127,0.251965717645606,0.0737735733070896,0.300601718844951,0.06757367046875,0.151602825849801,0.576249119947346,0.311098949493741,0.556772435765441,0.367540231528804,0.466628333869208,1,0.209390145995762,0.20075653409183,0.346628853083956,0.498613654128912,0.572052471256718,0.324906217530438,0.40192220850919,0.584928488774875,0.461915564596643,0.51325713081406,0.396964296106284,0.5385157388555,0.593545983144517,0.626212775918124,0.108623350252091,0.016877994063003,0.0937895250205862,0.171931511207861,0.132206745586358,0.110550871005103,0.279489207726484,0.206415897090275,0.34365423914917,0.141926614380085,0.169076682322764,0.0363138934946273,0.127499779539485,0.0337578935703458,0.00458886037482871,0.033196313621104,0.327798198701659,0.180916421062657,0.0121179339054204,0.18525598617737,0.554753185776176,0.363882811721878,0.563065754346559,0.343438709113898,0.528300797276099,0.506132872062794,0.545162818390626,0.75567378636637,0.112293306734635,0.38643244990946,0.285914770949189,0.269438532721734,0.675434722038751,0.25377379763457,0.301160313065743,0.426071272506435,0.614480766052906,0.577367498266367,0.491691109713014,0.58260487831189,0.0956408210680906,0.00418187350369936,-0.101387803573298,0.14084663538141,0.0462402294030685,0.148202501411442,0.224410164153768,0.161976623766182,-0.03049957348101,0.35818315848554,0.205477134735441,0.396046165978624,0.0695825558251766,0.0383294091549359,-0.00690661210785807,-0.0828472853410488
0.423659192953354,0.514110168962785,0.59214174313336,0.490825289409115,0.379626443244209,0.386012488684542,0.842614884792817,0.425565318994617,0.429354532528747,0.158776123656924,0.368303622944195,0.426795024577688,0.487280394142476,0.209390145995762,1,0.726304483097753,0.406929699489683,0.490476704396699,0.427487931222399,0.644141035168355,0.672457530757275,0.28787295108582,0.430440333031539,0.39703576271187,0.426114197372948,0.489249628075186,0.384427078734565,0.320234683540928,0.310715753892132,0.608492847360647,0.694062049054342,0.145750104451865,0.212479893900342,0.00320548019332669,0.269588297151707,0.583281405083427,0.264306132258629,0.253058457272886,0.277820068769927,0.617175521885915,0.538002425780803,0.129338829900249,0.348371306905075,0.564425100273069,0.709335417806676,0.532165121600109,0.381660877026055,0.60027451817971,0.476390785303439,0.318410891184629,0.391569415955737,0.374600049174082,0.429110925353565,0.418253052725618,0.431291774159234,0.338016648879342,0.159679883797595,0.377089192319994,0.194511824884468,0.650597879216018,0.268875795516105,0.655161603209438,0.662479200833993,0.310420496454014,0.378308323977254,0.385206350754927,0.337355223644782,0.474292621280798,0.302097185379155,0.544335778182158,0.404101700829883,0.50811399535027,0.48270331549007,0.276093003834054,0.477706892009471,0.414308844989746,0.560733044146583,0.0581382100796636,0.104622792621927,0.190751134953584,0.0881470350910033,0.461628827982171,0.266939047973824,0.310292456015165
0.43842163118223,0.504594824325971,0.620288447880112,0.570126422561507,0.341625153657858,0.294465403608302,0.783174534262898,0.344788393306911,0.427379573526881,0.153159500242069,0.354462741040693,0.632088555530048,0.642976745663677,0.20075653409183,0.726304483097753,1,0.562299900105897,0.376040312447175,0.550914876872929,0.63823755697169,0.704338875251842,0.296512327703659,0.316336073989488,0.310070738754687,0.480044057128733,0.474550701271219,0.341491922941359,0.336118924862908,0.436476049312045,0.579404698617542,0.718986552897434,0.0384117589179836,0.240315473329526,0.0353969853483452,0.262796058734094,0.588161724549131,0.267003395858715,0.2945921109598,0.191723391345825,0.733307891185435,0.473994961788143,0.140664513634857,0.280479260210237,0.44782167269565,0.658366960203429,0.579635771299142,0.432809560489469,0.614771310554032,0.567244354889361,0.360171154197422,0.454427829797373,0.560236997502178,0.535601958403699,0.561329583703489,0.586733857939984,0.427178708935143,0.0994220076322082,0.554377300953199,0.388778127382263,0.793874691032768,0.262906033981663,0.671716180074982,0.753100658279361,0.281679149436245,0.371576181818758,0.391816937909535,0.381011194365885,0.504113186976282,0.378056402492328,0.780690083084922,0.547678963447709,0.712051191004553,0.661106347587573,0.354244165868285,0.416440491426898,0.529446121706647,0.631748107294846,0.105192588289206,0.0798215393134422,0.235224256443748,0.0590944222200751,0.580987489306606,0.25354079918987,0.390039708688533
0.300964279246168,0.261958733232481,0.281267576656236,0.306046196248299,0.326133813538184,0.153304075589807,0.330881113966176,0.245894273759087,0.501028488447,0.37960629119661,0.576710059584922,0.57039588723398,0.723118920938229,0.346628853083956,0.406929699489683,0.562299900105897,1,0.264273903858524,0.451400699135882,0.376794224399376,0.478853893404141,0.495865969610138,0.313108336874515,0.313249066408986,0.338824533815592,0.383595440357965,0.207498668202741,0.371927995933157,0.179635624774059,0.363090683263061,0.453106545956248,0.113655441177565,0.126545389245693,0.13243494404047,0.187574868495208,0.322104807982547,0.285515880802582,0.275918144758353,0.291441260394612,0.447175835766794,0.360691866362897,0.108832453956636,0.197937363997937,0.21640340801047,0.298265941106995,0.327550815953378,0.317469272976193,0.350395184282933,0.545041119794787,0.351333562289961,0.473629930242105,0.472366661997753,0.358819583555275,0.610877432600049,0.492760179140587,0.349072297386332,0.211682197257428,0.64437888646795,0.26041304822633,0.411285260407672,0.28875395483196,0.275992777679685,0.431932136927598,0.167678907163374,0.412186644617807,0.305970177298628,0.249895062043969,0.39412701325222,0.349722472298649,0.391432833952097,0.548135846625675,0.453619921397579,0.573313132182765,0.273580304616684,0.220342683635479,0.390782758214711,0.487815216502816,0.306705707728999,0.226285990867059,0.298349095635466,0.250184417483148,0.530379139682967,0.238752821987661,0.243665922374053
0.200480139702115,0.500146392134481,0.531596414001803,0.503301619782231,0.23248117791642,0.550399683941552,0.44464029674762,0.395721557698968,0.47077524302575,0.177494496852566,0.486893893122082,0.434914545419042,0.466541284520161,0.498613654128912,0.490476704396699,0.376040312447175,0.264273903858524,1,0.483949642813911,0.416083704541383,0.669733179563196,0.422282698091972,0.455023594280245,0.520851202309162,0.617929385484571,0.612274964500608,0.70142627923345,0.645045782605034,0.132854579272271,0.177981087937619,0.252410852963752,0.33397950391106,0.264470128430241,0.121559217189811,0.345366439398927,0.335425656779238,0.35689314843532,0.244924414144713,0.30976033759986,0.109499748256241,0.300991700676533,0.0369428497384993,0.13378594293974,0.397146136590055,0.616664623076664,0.539371081120828,0.260314247072739,0.591605727193544,0.498341867334349,0.442348124183761,0.46496387283773,0.45471531890528,0.565631728588181,0.426013948377523,0.441416322268807,0.534865214167231,0.33138762140467,0.331373585609932,0.168867546442775,0.554914652235301,0.654132586959189,0.410588950573394,0.576835797353647,0.56644960660112,0.467855860311153,0.509740856857717,0.506784262101427,0.664836255200327,0.0265208744045468,0.153881553125695,-0.0748087978229968,0.189515411526917,0.083162110877865,0.273791686631029,0.6522101145641,0.345851296265894,0.144384759242878,0.402461480017494,0.26420866255943,0.487955329589225,0.119818785996292,0.234946654040323,0.229511138482573,-0.0387548283339917
0.235936646395455,0.374437548156639,0.459516147014556,0.442595043839526,0.282215020556281,0.390225629533839,0.386813492675454,0.318136859919229,0.556257920553312,0.212491386213315,0.443025856585552,0.456884423000222,0.541811789388916,0.572052471256718,0.427487931222399,0.550914876872929,0.451400699135882,0.483949642813911,1,0.317597056526566,0.505193548417316,0.448194072776707,0.401743613237193,0.364478214739471,0.444820804911619,0.509927081806775,0.464307018117363,0.437475085227925,0.21418098939889,0.269219195229495,0.303674275598052,0.195492219862991,0.235527985512396,0.163027929897058,0.251546634712648,0.336379603725229,0.316957804497401,0.191671717456688,0.268944272191617,0.291136181106491,0.334715679058664,0.145618846170233,0.161001832285502,0.280314974006398,0.563035451962527,0.380430537966937,0.271767577952563,0.454509335214302,0.561855787900645,0.403206051266177,0.512323138985764,0.446651536337789,0.479235361519522,0.563374275652966,0.646913302833707,0.625871736138676,0.200497623352737,0.523543546128605,0.478026648563448,0.585409156133047,0.530929461128437,0.467248280307716,0.496623930860804,0.330534789825755,0.602082352461607,0.403433924217057,0.437290642384531,0.552547887987287,0.176988267385709,0.404300623275081,0.201882235189022,0.414582667229416,0.33401557583992,0.290880389948594,0.320524842892488,0.32574319937072,0.285726653605026,0.270882728838503,0.201439471691399,0.300712280031856,0.182093540343468,0.356774257675719,0.240688351213903,0.210651842508152
0.218457806155746,0.276047298514569,0.300662471376832,0.364427843377192,0.0869584675381427,0.22903036398662,0.495949256932093,0.0452366086810045,0.482086796395164,0.162958264574073,0.509621015134473,0.493306215724528,0.569523521496987,0.324906217530438,0.644141035168355,0.63823755697169,0.376794224399376,0.416083704541383,0.317597056526566,1,0.710637613670652,0.545772672963331,0.470812449427388,0.584469285038867,0.545061565692279,0.531935897729671,0.443374540666507,0.557380061879318,0.284302498451406,0.385300921637936,0.602296396011642,-0.108491265695882,0.0548200488034706,-0.0613280165484855,0.358467002728571,0.611562515793959,0.336301275035663,0.318779238464744,0.0288777848672142,0.543777400568952,0.242485869089817,-0.078075952172597,0.00965484590462477,0.189545350165394,0.491440608977442,0.33612869669778,0.110264486368103,0.274029882967584,0.535046829312927,0.279008160024226,0.511532386553282,0.383886723039621,0.583622744431733,0.392270207364305,0.394334186960698,0.490880568413227,-0.0152835139565462,0.289893021737092,0.161192687357728,0.498991311011939,0.349060935718113,0.735269864674272,0.739617154496343,0.515927192514792,0.507857047722298,0.639453314612187,0.528167083369283,0.610313004217734,0.353408342612237,0.513429718608546,0.366730220110295,0.635106587255931,0.464604880387722,0.217365486470938,0.415968163233618,0.56061126921746,0.466604371900594,0.194391290075008,0.127884104608047,0.487660586439688,-0.203081663186989,0.292722607723177,-0.0619840439498473,0.0848706508153643
0.332376171165406,0.487780076118836,0.502631652050537,0.505503395656951,0.269377796124642,0.457672216036231,0.60917210534374,0.303378879180878,0.520114211479141,0.212659306730792,0.502636077184394,0.568717491240505,0.669526910477031,0.40192220850919,0.672457530757275,0.704338875251842,0.478853893404141,0.669733179563196,0.505193548417316,0.710637613670652,1,0.543854383496733,0.505663181766923,0.516678225075832,0.66585925955886,0.651735974235435,0.582850598811805,0.634454748392558,0.264346627288305,0.40423053551287,0.548223485540265,0.156654112749145,0.166757814553036,0.0788565317375377,0.381338298795268,0.573297431454941,0.443260335197536,0.327225682638665,0.289072683469451,0.452097573127817,0.44820889297109,0.0569443831431741,0.152263877459751,0.416276314216188,0.661108389709558,0.533850608652361,0.302626284795142,0.540229488124988,0.604912519107443,0.389167703738991,0.515177341664326,0.49115350774509,0.622246428358004,0.563764264512788,0.515201351030617,0.564571223160568,0.273453870864286,0.470945257073352,0.346965435532237,0.67705696219114,0.540671931853257,0.667921242393362,0.827396271019078,0.524950486684178,0.512037073938432,0.538569876060633,0.574929429167825,0.710649809971138,0.24930371223847,0.46686529321218,0.28976455712332,0.549912698515747,0.43165394796699,0.293008896281599,0.602352244684843,0.552936036990352,0.457267069792353,0.342073335791341,0.227022422188762,0.496966560045918,0.078578163843461,0.47660057365392,0.186937592969724,0.104678328826102
-0.0428291923216486,0.010000307123605,0.0333724949587216,0.0930235949439952,0.0146139390399481,0.0805574480934701,0.0333199315583911,-0.111498623129024,0.579530720874891,0.207815673360639,0.644800663265321,0.266334569952528,0.517282147602007,0.584928488774876,0.28787295108582,0.296512327703659,0.495865969610138,0.422282698091972,0.448194072776707,0.545772672963331,0.543854383496733,1,0.467796109581796,0.58441675873902,0.433501173443308,0.530715632973055,0.454812761954961,0.528594774758222,0.0460934734649373,0.0103517253942667,0.127132308559303,-0.0640214736675096,-0.087673206736043,-0.135714849274123,0.117386875046017,0.273071376010869,0.394519705517924,0.0948100295595861,0.105317966333617,0.0640480901407932,0.110314638877253,-0.0921252549773628,-0.154181034416873,-0.109346037418762,0.270017061408258,0.0584151838267206,-0.101852416441419,0.0012982130864245,0.521108633340403,0.2700979597794,0.535880007131904,0.153632682729629,0.437613558515812,0.440648722431341,0.334068820053382,0.545506505011565,-0.0299981435052007,0.272277712877547,0.360094150156187,0.24793079769126,0.538326596307065,0.424007044981733,0.440594842909907,0.371274529389754,0.745790947102631,0.627245698135708,0.482344632670935,0.521293830308351,0.173979957673499,0.126013269345594,0.13799743576088,0.399162470894757,0.216032523663134,0.085718341679412,0.230266194419077,0.300043560081984,0.0752918815897703,0.240057261620885,0.196486064516798,0.480431640222567,-0.0326076949424993,0.128462475849332,-0.135346557320363,-0.132319361464684
0.159020932957968,0.221033057611296,0.185663146848377,0.240459382947319,0.165796277951802,0.337191490614049,0.234218770045152,0.22436735426858,0.531898549121163,0.287921282249793,0.445970776819079,0.335346722045372,0.444142405238361,0.461915564596643,0.430440333031539,0.316336073989488,0.313108336874515,0.455023594280245,0.401743613237193,0.470812449427388,0.505663181766923,0.467796109581796,1,0.547313208826898,0.498033636210555,0.476770999516114,0.427231240574789,0.484247810277419,0.174941864256971,0.214537195336931,0.321369537688282,0.177903768639326,0.215197597293784,0.139456388162242,0.379469610780404,0.408357630214972,0.404682603212078,0.246418236879096,0.285085490444927,0.228321324324059,0.246017572475871,0.0793649022765802,0.15854070350396,0.18907022479717,0.386044496398271,0.205766443965861,0.171540387080044,0.256412004524415,0.524979352794345,0.301914847271911,0.442611721180464,0.268206646776585,0.373605385701898,0.437075006335359,0.364688609082274,0.502137968903347,0.201985836626066,0.32474687982796,0.227292051720052,0.304443651965295,0.426414824009594,0.397759703555586,0.446819364903815,0.446941567107786,0.482633305512461,0.548617470586914,0.430588989844641,0.554837181702511,0.242490570682954,0.188591805971256,0.106767340271293,0.329068847292912,0.196818030046128,0.280135211981774,0.34949792742313,0.330661295548519,0.202664675394213,0.340753217313205,0.262295900419558,0.47261984447266,0.0852795605240951,0.194246986634423,0.109531680120921,0.110132576997082
0.131372410170429,0.202637298228017,0.216154608934157,0.293520086640679,0.0819873846622613,0.271717368349139,0.208079813827846,0.0717980773641858,0.566513678706634,0.278413644426745,0.642024052502614,0.385088230919576,0.467242915359068,0.51325713081406,0.39703576271187,0.310070738754687,0.313249066408986,0.520851202309162,0.364478214739471,0.584469285038867,0.516678225075832,0.58441675873902,0.547313208826898,1,0.546085103366305,0.529037574343409,0.516310012748552,0.591236565663717,0.120365663625164,0.169713542599869,0.270856859070369,0.00873055711122137,0.0954964181789135,-0.0536664637475763,0.317630982429588,0.378229018936834,0.374079447083433,0.20612714400014,0.114124612201301,0.230146922124058,0.145059826236617,-0.0653664725559457,-0.0204958467321861,0.0848452001796104,0.354210148369795,0.239942887555918,0.0494234086203797,0.199844860794128,0.589543773845575,0.373771597760595,0.56669528004253,0.346405376915095,0.54026754421702,0.379661453925399,0.381755710752589,0.551886796552749,0.0515155227949029,0.195523960167531,0.0521416752775495,0.284358577762838,0.489806808973966,0.424786126909416,0.458617233544912,0.554804049540744,0.571744436164411,0.689001230024541,0.551188673499755,0.575088912869227,0.170175044663462,0.172303172495763,0.0739526377654441,0.372469790033083,0.173592037534673,0.192964636224185,0.394203326040657,0.363862457244579,0.149210415442965,0.337552332820927,0.175638084913555,0.540154116798867,-0.101102983302257,0.0874908154994858,-0.0607801579055878,-0.0217291235551258
0.324516678932495,0.302079207373538,0.260722556313726,0.318972937937458,0.372126743417348,0.623670219347199,0.314610022602415,0.41064292031121,0.517569063510875,0.102393348097614,0.463443738028623,0.459138881472795,0.538232729288302,0.396964296106284,0.426114197372948,0.480044057128733,0.338824533815592,0.617929385484571,0.444820804911619,0.545061565692279,0.665859259558859,0.433501173443308,0.498033636210555,0.546085103366305,1,0.721048883709582,0.526050002545434,0.743911752659454,0.238321445286975,0.495094007620701,0.528512562496948,0.396470770948002,0.487945001635083,0.345811426056388,0.604595590059984,0.742698313129423,0.620003560077564,0.58656782156303,0.440484740631525,0.485480778799153,0.536595762589206,0.274608726949806,0.347851200433177,0.312364690842269,0.428773347496065,0.345607153647535,0.324103314070597,0.416197226425911,0.670674829021919,0.283823434180172,0.429576568169542,0.372961585907917,0.500765882046139,0.558143200662658,0.488103339769214,0.539247126240458,0.443675716727223,0.413177846414823,0.251488816176405,0.409931902162138,0.451942765538039,0.420371577456079,0.612646630868545,0.652242585791678,0.546400780489534,0.566072171027962,0.601550082212371,0.759844965248236,0.222405093812244,0.28352116032124,0.262180662026277,0.540330992633751,0.367649406733006,0.473627602203784,0.599533917623481,0.624983795567989,0.389134478431438,0.639311414061999,0.497314929509984,0.690518666659702,0.207528137637605,0.468005862303893,0.297937018540309,0.208629158283819
0.268437011725163,0.320255534439094,0.331057083817668,0.348688822913273,0.340150793091081,0.441545254218536,0.360221495808942,0.334482862441036,0.569007678817252,0.180374635305202,0.529334645065605,0.432037891432007,0.566972266853022,0.5385157388555,0.489249628075186,0.474550701271219,0.383595440357965,0.612274964500608,0.509927081806775,0.531935897729671,0.651735974235435,0.530715632973055,0.476770999516114,0.529037574343409,0.721048883709582,1,0.529943449417901,0.694010670078231,0.251740864075977,0.375525377297818,0.440366469157265,0.273434979363429,0.364905827501493,0.170127909228634,0.404761143495866,0.518510329467707,0.568918563630129,0.392716125652993,0.428993889085941,0.37913601307521,0.420653924190285,0.195131039423092,0.256430944610605,0.294486031104943,0.509983653135804,0.385131743474982,0.215420352261258,0.395099574561871,0.664833526501241,0.319439611696098,0.488914174179031,0.370843050419727,0.543359260336946,0.558958601738311,0.541686433934695,0.588052306455695,0.261501671732428,0.426276311973435,0.297276103322037,0.472382297382406,0.479254843854364,0.514463769101538,0.612754166525382,0.528211854389368,0.599901872976889,0.583411002826111,0.574954928011652,0.751305598575188,0.25444045780892,0.296113818409182,0.241332920689459,0.491243681261223,0.320495900528634,0.343253023976292,0.460582765984847,0.461113934902865,0.309464597194398,0.475121087696257,0.424766814636493,0.584742762273137,0.170165443408808,0.373992597808196,0.191193805584598,0.115759264679101
