1,0.230490564917723,0.270396708134434,0.0497851158983565,0.346721510589765,0.349230204432169,0.484253231276036,0.0508969355460602,0.393807407727491,0.364488694744551,0.225295433952512,0.168265804646854,0.287741042430403,0.380620066478175,0.420082036005901,0.364025583149805,0.267931316547377,0.40577688296412,0.298237890582669,0.214793943843431,0.386719662155544,0.238295070501301,0.308305405996728,0.155354988604769,0.207414723781324,0.0435715777127863,0.128564908802897,0.233030433884763,0.218746275764843,0.139312979938407,0.193392396491278,0.232154390848888,-0.00169010853868341,0.233496285478287,0.352442971966949,0.201324970148789,0.203259830249844,0.16377478176689,0.37154048840786,0.153675779289891,0.417149612268857,0.211913893104418,0.268978063977161,0.304520082351849,0.425090733896085,0.0682390040122591,0.236227227740447,0.167925868085173,0.345227135437618,0.293480004980895,0.19762054982597,0.141265869178407,0.0879815647033505,0.271984361275212,0.258821703394697,0.350708844188884,0.404287464575394,0.237080456808957,0.214888957985322,0.349181299311905,0.36496333756059,0.141603361563206,0.291807636214351,0.338185523011533,0.225058686443358,0.277403887911709,0.178556866782605,0.230477057710974,0.104321021799838,0.238195251677932,0.323819250102599,0.169660296429488,0.290648296357142,0.165662719865817,0.455387590965338,0.33037532663395,0.317610724617449,0.290405578593393,0.209039346974797,0.107664668950224,0.233878289989866,0.319164898079821,0.161389835544982,0.0907761560267183
0.230490564917723,1,0.605568596739849,0.712578863875558,0.349192691949714,0.484970187151341,0.533017890224774,0.246201391736615,0.282273605286979,0.201685326300783,0.223146408588006,0.253355021382773,0.439531770122031,0.301116682611107,0.354507956158223,0.499167561466191,0.278016742075548,0.347969860199861,0.197789866077398,0.416926404497809,0.409067664105633,0.417037371366554,0.327412454242398,0.273573577371948,0.17078180914078,0.12509052278402,0.115121887524011,0.357390410042244,0.243146891399567,-0.0937183516159582,0.227853469008798,-0.0348261456859073,-0.109320358848286,0.0372668139976155,0.377762725490393,0.0176717099329073,0.107958362813755,0.0904139354205184,0.0195046884971971,-0.117117457955164,0.0592426329605745,-0.0318490738273942,0.00998646608437103,0.167707589139527,0.405095781783649,0.714428056473535,0.200743759538315,0.599029239949798,0.226291395476426,0.252207412845882,0.26933281439189,0.101252041544168,0.174604156597753,0.360692166724685,0.31766742118482,0.276380617753814,0.152511257327124,0.299110203829151,0.198371239227923,0.463427505929577,0.254325668743694,0.461710294104213,0.563813818846425,0.209671006951998,0.275769823416681,0.390772792978625,0.238701056124248,0.448688877732393,0.155664554567369,0.186710780388176,0.409193534357491,0.417744884111132,0.357919586500739,-0.0125050619967156,0.468547799628657,0.108923364820708,0.125046017386474,0.175298931487927,0.14450564886206,0.374692046165423,-0.0132343984607674,0.0705701603512383,0.0222737361077225,-0.0947232156481004
0.270396708134434,0.605568596739849,1,0.62134333354391,0.201515475885665,0.647698491822408,0.640845072875618,0.143821853429586,0.420762528137305,0.286965159811445,0.312846358914069,0.369381184445107,0.641671936513578,0.437900271800452,0.454291796975202,0.615016411020315,0.42852879974689,0.41453258224009,0.392184548122532,0.442609357186334,0.493071226264738,0.423527923134323,0.432831100084824,0.284281951230855,0.311147601553085,0.0484277064874562,0.175196618174637,0.384766373475148,0.334614180098262,-0.000647517645674691,0.245987298463982,0.0390001197048425,-0.0946374756526828,0.156685702082031,0.537101842410442,0.0827078076402056,0.179133791055292,0.21166563248305,0.144142117979571,-0.043716260788767,0.169331637589072,-0.0169882639145481,0.0295266046310018,0.304501122824905,0.682393524362165,0.568353123916583,0.165781493838824,0.583409371336351,0.375842154123159,0.363057538701956,0.318107386728813,0.162493789553547,0.187225408980263,0.4922320521116,0.490533822391166,0.364291795026118,0.202820988471458,0.38441457191688,0.285123714091544,0.627080639859121,0.427409457202157,0.539573828511591,0.698510101251247,0.25817160781959,0.337415812006786,0.487270602962519,0.273660022658673,0.463177128088175,0.119907771615281,0.196821854185379,0.548802697444087,0.509379040736785,0.449348497318194,0.0302164178764401,0.597931971772438,0.221353469658887,0.189885558581803,0.275331941831444,0.129163774087827,0.478745260267637,0.0264535934288367,0.136249803659398,0.0586825485651093,-0.141290280445905
0.0497851158983565,0.712578863875558,0.62134333354391,1,0.269773795886542,0.39670591718416,0.424514932248193,0.278850085413657,0.257256993749624,0.140260297690541,0.321509657960971,0.349316353635367,0.579668867868923,0.29010179952873,0.206274699965683,0.47767027312325,0.334780945950787,0.298426117869459,0.219700230309119,0.470980161544535,0.421337591343922,0.495736208286006,0.320700558952399,0.309610208627791,0.194833606220133,0.13666523828881,0.0941379022242675,0.463132504302597,0.196258073304267,-0.242870689111692,0.198219019224426,-0.162072009133758,-0.141636240847158,-0.0615547206010895,0.3591604503009,-0.139734581232741,0.0833293423170763,0.0464430905297424,-0.102785142155473,-0.28240570384649,-0.131363112400575,-0.0805230321647398,-0.109213076032528,0.0577397608637078,0.302931022995739,0.893123159565989,0.178323536907535,0.68253985075553,0.199660114088363,0.231947764610528,0.356042260650642,0.177634337225097,0.290469239425934,0.461140255285987,0.39542018220272,0.279084861659731,0.0443408906270321,0.350422855894931,0.227019949483099,0.4397195119968,0.30454557497907,0.62153657583275,0.602497428778133,0.118578845345636,0.319051156940474,0.421187809405626,0.260562601863378,0.460133575302012,0.108640159337689,0.153841837864331,0.425252683925918,0.483566296818164,0.349041910328473,-0.0969763452815723,0.422743446477509,0.0364141211796791,0.0602816029590479,0.139734064549244,0.0996428386254018,0.519738882544703,-0.103608989438887,-0.0382342086192776,-1.34659262266095e-05,-0.129987775750413
0.346721510589765,0.349192691949714,0.201515475885665,0.269773795886542,1,0.0944856381501223,0.288379217398401,0.442255161627024,0.389366971537523,0.336450420751788,0.232947640543624,0.0434953208748711,0.390324716434074,0.50040535859411,0.131436649102845,0.141372575844266,0.287978492734643,0.33654371025209,0.303110999592196,0.019833836113742,0.141175031188433,0.146737529923244,0.255710393791777,0.0666969202604396,0.156067281010606,0.113479750635188,0.217796451807801,0.285052645861297,0.215585344514212,0.111047764747876,0.0679862875556162,0.359140780450466,0.313328715617355,0.289225900960866,0.3153637574373,0.234140755423282,0.369490067313896,0.131285626689569,0.401270056871065,0.128646373241436,0.449005302214847,0.549611421345281,0.522331875036925,0.186943814565092,0.174495480269647,0.325017462290215,0.522343292579478,0.435471922784186,0.392364980333199,0.386820108413242,0.291101971160507,0.0548470257674708,0.0144724613838202,0.291615866104525,0.22812046803133,0.454071569970957,0.553563530423004,0.105313267734332,-0.153197022520016,0.0563945416330646,0.329820491138251,0.0414250913122341,0.127061174207744,0.338909693266233,0.179970608070308,0.228655002112281,0.153810294438043,0.157642535687944,0.147807325237252,0.277856272535528,0.372478378000522,0.0319640016539344,0.175181950543034,0.415046808697179,0.434076846260782,0.43427365461473,0.442795411946213,0.251466245437678,0.220817337270622,0.00586545975002311,0.411308912312615,0.415995188021621,0.351392056815403,0.409629890340013
0.349230204432169,0.484970187151341,0.647698491822408,0.39670591718416,0.0944856381501223,1,0.788542398817862,-0.00578781363178134,0.498496484993013,0.329063439958377,0.436485722851842,0.428765732875846,0.45115514034267,0.37007670690838,0.724350847366189,0.728979991096365,0.300280525902893,0.604032862772901,0.363834470409251,0.622270559858746,0.645853922327268,0.705632620482404,0.543703881435329,0.412478920080985,0.338924463228351,0.0662977959414553,0.211077905909369,0.38805164110497,0.319034502769325,0.0229099325366489,0.38128979026879,-0.0233654602596215,-0.268410366610518,0.0737455849725656,0.600831209539273,0.0741363862601713,0.0332088687358963,0.204718716367327,0.0532467004266579,-0.0285954063428271,0.11716287071551,-0.183843376802794,-0.0737709045256174,0.38592624067955,0.809625665009518,0.425629643868464,0.0748265080741422,0.449025361504833,0.459256604988174,0.39253804152208,0.351387782873424,0.296723347882353,0.263124377858666,0.369959654727822,0.490669219929756,0.26329546294893,0.168906258621519,0.544974584687929,0.634114537695092,0.714804274726313,0.499613643256453,0.589476944606835,0.745221198663378,0.286527117935365,0.586836370810696,0.54988031272514,0.384786347069197,0.520585373152135,0.126917028455852,0.304322537589442,0.463921327772937,0.611556109504061,0.534795792270273,-0.08493697528571,0.627372485277604,0.179404740490884,0.103559477649445,0.260883907253398,0.116063179146167,0.485982301808035,-0.0566491442303489,0.147265068096431,-0.00818404818158347,-0.248333387111978
0.484253231276036,0.533017890224774,0.640845072875618,0.424514932248193,0.288379217398401,0.788542398817862,1,0.0506457238072844,0.437550126469171,0.301718155246481,0.362369836552155,0.417551117536427,0.556532616686941,0.465770657568045,0.780337302175279,0.855545157795844,0.369969274696575,0.599957588760893,0.384283024723856,0.631372908846953,0.803915639334295,0.552066877043572,0.400147743097045,0.25903819306579,0.249501337845296,0.0222573215368964,0.0954606201870571,0.3752380389772,0.304342064927716,0.0809019833921629,0.432091831629301,0.182513420855797,-0.249091689745063,0.141341320184951,0.518039129022336,0.170943375125436,0.0596855398875328,0.160751150209482,0.152762412838972,0.070949929184917,0.378787769387034,-0.00192263646446515,0.0894433597871488,0.39196373583169,0.70742367370721,0.421721919543772,0.170354069235964,0.413758398256788,0.402418049765492,0.35499071194765,0.36680945373614,0.292627341177444,0.250586764093454,0.436240584248305,0.508954444632219,0.430339847014186,0.37233259462526,0.459903033617391,0.583720777729102,0.789155095279568,0.537987283111414,0.491747048887642,0.754823144214202,0.268924056912352,0.402381189845016,0.457523792453616,0.255437983409709,0.494567740950367,0.143597412293915,0.345988079007381,0.43422421216033,0.525668284432869,0.556848140664549,-0.0694166937457334,0.628002588760154,0.259306118851956,0.324649481653475,0.217521829445321,0.0710798611253539,0.346471514237648,0.0508818674531638,0.229229732506056,0.0691274039965934,-0.177003548086989
0.0508969355460602,0.246201391736615,0.143821853429586,0.278850085413657,0.442255161627024,-0.00578781363178134,0.0506457238072844,1,0.333134463024469,0.205626909423164,0.198018772134727,0.0488377436266229,0.257921613187262,0.217141451048225,-0.147927015763995,0.0989580512910284,0.227064217824864,0.202476205218375,0.0836308516636458,-0.25381006516406,0.00325096409109904,-0.057602201627941,0.0953688366665352,-0.0870106275433292,0.242210271989953,-0.0455228258899474,0.211349015667939,0.0435168144530459,0.129109611525457,0.241178354361341,-0.0806927537074034,0.556672058818738,0.683344596588887,0.496452822220833,0.234416860200237,0.442948522427605,0.388470644907046,0.264908658188074,0.291085870261066,0.344213849440696,0.34406832002332,0.543715509807932,0.633452033515393,0.0201880348345863,-0.0121919651715108,0.310424509217758,0.446248627882322,0.67673829262622,0.400741087906848,0.287994313341661,0.306266095353078,0.0853208012101476,0.0898652983307315,0.275347096218947,0.0557746973513893,0.145553768260065,0.386978749826127,0.0557971347319,-0.287538541912608,0.0302710292871138,0.0826435760931643,-0.088224442575355,0.00446325623445156,0.211528747743202,0.10808911462374,0.077575914592864,0.0264035646860523,-0.0257489106362648,-0.0265108019294978,0.258694909267878,0.260668335011326,-0.126885521040753,-0.0753240846261619,0.632091730796624,0.332159334487474,0.498309567330379,0.265613981205545,0.307436766672906,0.117110159053445,-0.0260159582656832,0.419363088390292,0.456231019348248,0.452843888828143,0.68937476813247
0.393807407727491,0.282273605286979,0.420762528137305,0.257256993749624,0.389366971537523,0.498496484993013,0.437550126469171,0.333134463024469,1,0.582857694807046,0.6081192291743,0.392940020450509,0.548724881288173,0.470803013401236,0.419945900958189,0.419092308939619,0.42705416040203,0.454399324727448,0.35988057295939,0.249619242307638,0.346513902321987,0.463326756028507,0.576361589356923,0.32259986506183,0.322134206667889,0.0325225427334652,0.224037105522367,0.312334992565766,0.296992175758391,0.23958536578105,0.206899902431091,0.33838279747358,0.242152173651118,0.364395472201869,0.616632249835692,0.323881286985427,0.280020671359421,0.250862465532363,0.334941407806931,0.232778368787729,0.380765899277473,0.299939248174036,0.421212225159955,0.297943058748895,0.513468938160443,0.259020259808935,0.338321844679737,0.481521158421101,0.8199469107319,0.638201083115675,0.586075732694716,0.385285481910257,0.277861191667464,0.454156163147313,0.460897382736137,0.421647476560131,0.503733284056835,0.427030004312225,0.224904662697574,0.359276373760627,0.44590588443512,0.355573407828996,0.424044856182342,0.339941174427117,0.621696601246502,0.574835103972467,0.301542964178548,0.373662055555807,0.147747837198376,0.365144363999759,0.587161133325676,0.342312872322307,0.37106997283899,0.385764536364876,0.555798704743896,0.459977951794696,0.437584811669509,0.386825938751193,0.212468778624981,0.288187013781824,0.31699400380176,0.504709350047146,0.335169269401722,0.248555642689458
0.364488694744551,0.201685326300783,0.286965159811444,0.140260297690541,0.336450420751788,0.329063439958377,0.301718155246481,0.205626909423164,0.582857694807046,1,0.536714729387342,0.290597521041333,0.447271895993815,0.545375424125696,0.334602642273353,0.219117797312763,0.281584697542086,0.503219175651062,0.461844406056068,0.22978620286298,0.246041491609677,0.398529151443906,0.492283860045937,0.320646053565866,0.363841574404282,0.106104139288704,0.351495109742563,0.337706842073799,0.310566017039542,0.143981679351569,0.214549331072057,0.241627149080822,0.136170449641025,0.339436678530169,0.459412685101902,0.245798028809707,0.232587820141902,0.358859220121003,0.317188348701426,0.199179932250667,0.298253060706381,0.223998936744283,0.333655640461057,0.283233280968452,0.388337446645103,0.157567312669982,0.335185856676789,0.256596135015717,0.599514122207228,0.627046052107566,0.45845837213991,0.29511511977666,0.185694328722504,0.348332983288289,0.356921818274687,0.49560869107308,0.42266271126502,0.274806246402252,0.134414908534142,0.156335988423302,0.465989075649327,0.307841458003814,0.248139778296328,0.366363790998899,0.504608746866368,0.461750413421694,0.342406382132658,0.326897720496051,0.164141414692465,0.204458095382713,0.444046919794824,0.236368758484666,0.286943633049627,0.287248586184592,0.438943366802561,0.422476754446195,0.292815563315257,0.385074220794372,0.202206333788228,0.223902763746251,0.279668771821648,0.423263600821694,0.24739650382067,0.162836176741608
0.225295433952512,0.223146408588006,0.312846358914069,0.321509657960971,0.232947640543624,0.436485722851842,0.362369836552155,0.198018772134727,0.6081192291743,0.536714729387342,1,0.606607227958805,0.583422854562564,0.419051856854869,0.344563358488116,0.400746844785567,0.417715829782628,0.394577795364858,0.436946114246343,0.392901846304118,0.354586030659706,0.534590787953529,0.449785204610739,0.390800990201186,0.289604534935891,0.0970861443116426,0.15342474109574,0.391769197486946,0.17372336744119,0.0256500613763045,0.243875899438911,0.150284701609828,0.000632716585908706,0.169381557840322,0.482143267270034,0.124386378934244,0.0874282699156668,0.162858778711564,0.106637254520862,0.0540805862920992,0.197525180505101,0.131316860272533,0.200309159876305,0.205084258056776,0.45781978798869,0.327042437973685,0.183778570234572,0.369830837280167,0.5723261991323,0.560101815761539,0.629570250562723,0.618167380115673,0.507701243363164,0.510794279895962,0.523921124878202,0.39084721906448,0.262915031019914,0.550843905650132,0.307234278501897,0.312151136951383,0.416216811134867,0.517170331896842,0.411146554718435,0.190014881215325,0.634870434700083,0.547821992591243,0.3225132283029,0.392541834819243,0.135609990797313,0.238220121957168,0.399189032693264,0.370458582935227,0.270948849868957,0.0868333725392067,0.403036573751259,0.242985977656201,0.232735633632581,0.192287165989135,0.0656097639204655,0.360783535818875,0.117069352237644,0.254412973042522,0.137721472988606,0.0104229247431403
0.168265804646854,0.253355021382773,0.369381184445107,0.349316353635367,0.0434953208748711,0.428765732875846,0.417551117536427,0.0488377436266229,0.392940020450509,0.290597521041333,0.606607227958805,1,0.592020475658955,0.171459502652787,0.28954551081604,0.526532322636628,0.165691919936942,0.303720589571051,0.282650631170054,0.421309151704118,0.53410147344556,0.376607744189709,0.21965911330739,0.245391558331868,0.222086910477866,0.086650941278592,-0.0630038837844032,0.372010878833794,0.120166769527632,-0.156742328474821,0.25843246595674,0.0274442873264138,-0.225065087857507,-0.0856284854793119,0.265665342098407,-0.0570285264323857,-0.0440053146543023,-0.00615922084948036,-0.0503474593425409,-0.0760942497297713,0.0723196505596129,-0.158414047692508,-0.0371824362682786,0.200143497439434,0.451692278736504,0.318109509723599,-0.0664860389395048,0.302552601526134,0.381224192562732,0.348585350899874,0.501415133209299,0.884856419759274,0.830529052648587,0.36161901046125,0.338269300719057,0.253596156596716,-0.000435641160496028,0.416135196237286,0.431010788724824,0.48396185643545,0.264928622462867,0.479946090747942,0.536399777010783,0.0284859659270511,0.361899923246937,0.316366725021807,0.104292610360635,0.355678956231638,0.134044528787075,0.171883530323894,0.302662860269082,0.439531119954901,0.281099782157516,-0.164536312519462,0.342234788949589,0.0678124560189472,-0.00959850120602293,0.0308648650248017,-0.065832356491438,0.354624506972389,-0.0793123782558721,0.0872072304739562,-0.101731438078769,-0.188188081334038
0.287741042430403,0.439531770122031,0.641671936513578,0.579668867868923,0.390324716434074,0.45115514034267,0.556532616686941,0.257921613187262,0.548724881288173,0.447271895993815,0.583422854562564,0.592020475658955,1,0.598961478073808,0.377496714420043,0.570862938926728,0.568685550051565,0.526834639867475,0.543460312893216,0.40919057835255,0.601065889464672,0.432835115296707,0.381113187870057,0.255139525189807,0.3641197494325,0.0469072202171805,0.168676399769852,0.532374213820299,0.305662928564391,0.0507780569349914,0.229031205028127,0.272643839695284,0.0208245911895357,0.266922014554657,0.541863203371697,0.14761402408558,0.16826262926444,0.204239641194371,0.25521105878564,0.0137676843208987,0.363967849309234,0.207113897473237,0.297409590569555,0.270706328425672,0.541632525390774,0.465946165922813,0.292443637988922,0.505399165408091,0.553669555832902,0.537653130025309,0.51762082808318,0.465137138307577,0.496817707860066,0.6365901990961,0.550676487292874,0.61305647476973,0.433748881011441,0.431391460023666,0.241164193774771,0.477580610356585,0.51730715464129,0.496293170663889,0.594000579685979,0.377465739395014,0.426440217117985,0.491207122147241,0.289834329418742,0.448785308142546,0.172701814642658,0.207460312263839,0.521551838969367,0.356342928641033,0.317344954771841,0.192416563123552,0.586487819498553,0.406757463334967,0.33338130869703,0.320476013914158,0.101965498954256,0.375832120838705,0.231904856454969,0.332189553905254,0.221631155533174,0.0863936774593171
0.380620066478175,0.301116682611107,0.437900271800452,0.29010179952873,0.500405358594111,0.37007670690838,0.465770657568045,0.217141451048225,0.470803013401236,0.545375424125696,0.419051856854869,0.171459502652787,0.598961478073808,1,0.408043747150746,0.338439876336771,0.319248262339967,0.595101723777057,0.627883629717585,0.299570434920673,0.391667902683955,0.390330008416397,0.456801878020437,0.239469825207636,0.3641131152791,0.141403870485753,0.398431933035882,0.552024733482128,0.308931685969032,0.119542750808963,0.203212719275244,0.280903528390254,0.116716804599776,0.377394668780156,0.506099534890743,0.210355802287542,0.258843362960954,0.272398907402933,0.365143260739467,0.0891117110275693,0.416854924847884,0.354374177745506,0.395536153484979,0.278174068151626,0.46215341941012,0.280029702363957,0.388552339113665,0.342024328296904,0.505599689130636,0.533687967254079,0.36285450959423,0.12330816524191,0.0797259994637073,0.394933169081269,0.424559502877784,0.681839464921398,0.541266487479239,0.255720633507989,0.160874213760826,0.27101179804038,0.619580673849039,0.327461674676029,0.351927391931171,0.485734094852603,0.375108113927665,0.472580146718639,0.435138310571803,0.412860378721807,0.197045108107378,0.206890322399237,0.462096903908088,0.243813064489043,0.259347780737928,0.29592860754619,0.57007324397178,0.469614790779146,0.382789329697734,0.436024163399736,0.157816719013656,0.214465109395599,0.331439873986352,0.4422098854474,0.321950762943969,0.186573509895395
0.420082036005901,0.354507956158223,0.454291796975202,0.206274699965683,0.131436649102845,0.724350847366189,0.780337302175279,-0.147927015763995,0.419945900958189,0.334602642273353,0.344563358488116,0.28954551081604,0.377496714420043,0.408043747150746,1,0.617580541011846,0.33377024099555,0.496487003471921,0.351370984354156,0.633852997316943,0.606501427027542,0.584884765162065,0.464315676022992,0.320191849779253,0.272056899161351,0.0603309348411204,0.121967544711895,0.25920232838232,0.293885326662011,0.262115492220493,0.626314954339127,0.0741824482313784,-0.301896596990626,0.156309286045656,0.53768793247381,0.311801784885406,0.0073194038855755,0.327272530171271,0.107975461343004,0.238645827037681,0.338948629604599,-0.0274906092786493,0.0486728704644706,0.326100737501053,0.630237041175208,0.209428398164816,0.110907318363402,0.166481494556349,0.377076619441705,0.392363168772723,0.348383274045812,0.205835221053126,0.170836215076616,0.392864207900153,0.472653054214431,0.35870718994509,0.368541135079576,0.425953606760918,0.505581162110426,0.552835692484563,0.533147807346147,0.471355822717828,0.553960419747366,0.276594063120574,0.484048698958738,0.509108226688562,0.257839601333948,0.424963671820857,0.14594749028448,0.364833056705614,0.428008336921989,0.496220137309507,0.579562566053421,-0.102639079964415,0.446043243554185,0.279361054380798,0.325264913166591,0.291231455341339,0.0928853856284065,0.305429063147049,-0.0641881603622586,0.286969684527094,0.00781791421770319,-0.238949591395439
0.364025583149805,0.499167561466191,0.615016411020315,0.47767027312325,0.141372575844266,0.728979991096365,0.855545157795844,0.0989580512910284,0.419092308939619,0.219117797312763,0.400746844785567,0.526532322636628,0.570862938926728,0.338439876336771,0.617580541011846,1,0.382074206035096,0.468134204467845,0.271144135076088,0.53022009383366,0.830025650029982,0.448880833623,0.294144477266642,0.171842284987418,0.0910713884636188,-0.0695425254234512,-0.080100431875993,0.301715121385512,0.216817876607644,0.0661553593771085,0.275144904229903,0.194738176065718,-0.204018720923207,0.138960044652888,0.442576409849329,0.156747445267933,0.00139287068315085,0.0702186228380288,0.0957815474803856,0.0870918872983505,0.246448406416063,-0.00420868952413347,0.059670963988406,0.286199676434114,0.618230636958147,0.396780177555356,0.0760844659171203,0.443286792527925,0.411450248886687,0.30484508797377,0.373753260737858,0.385231097085814,0.326632165426392,0.39023672293281,0.443079826814454,0.2825357813888,0.248298305701601,0.465131414575078,0.643595021744761,0.888491473463759,0.429650109396051,0.470715841862981,0.829743132101086,0.101889325338898,0.324429591251271,0.378886461753062,0.145831349092015,0.437842447139339,0.135158708568383,0.30346029651489,0.418168737508031,0.459923683887284,0.487869267456158,-0.0745904849854935,0.53396069576039,0.169455020493637,0.303651975563126,0.108588961282845,0.024415536214952,0.287993892430521,0.00354906954691462,0.13186116245395,0.0820665032524897,-0.206171567091688
0.267931316547377,0.278016742075548,0.42852879974689,0.334780945950787,0.287978492734643,0.300280525902893,0.369969274696575,0.227064217824864,0.42705416040203,0.281584697542086,0.417715829782628,0.165691919936942,0.568685550051565,0.319248262339967,0.33377024099555,0.382074206035096,1,0.281329112754411,0.284871335572077,0.242093341263202,0.320815360511023,0.226518438284731,0.283423107448648,0.239933726348338,0.191774264574128,-0.0799229268698931,0.131763230468617,0.124994170371275,0.240228062718714,0.253732984962247,0.205947561535506,0.263328085696354,0.135650550955264,0.381479775088495,0.488684595174038,0.313190663462244,0.170525696966742,0.244485960994582,0.239114153295117,0.174718255050405,0.347746162574257,0.283783539014392,0.297281768617932,0.106921495465606,0.367693610659357,0.268801647529133,0.255857765484183,0.342787282451619,0.387409269351453,0.399991206057067,0.420833727346447,0.136666685716101,0.146035392184064,0.745743105278446,0.506857611327672,0.303005085922832,0.398868097294111,0.519214219799998,0.0354011883731664,0.329915332808817,0.34250704811602,0.291443546457867,0.36007182883377,0.253040011725626,0.310577063187999,0.367114767516935,0.20896841017265,0.193770093319847,0.00169265255301613,0.177484633252778,0.353253416150177,0.139749140004321,0.232512417025348,0.21556732980111,0.339925300804879,0.318198309396593,0.3845238694541,0.18858215858198,0.0965201597974766,0.203221224319268,0.186036349784725,0.182728416631451,0.243001911483945,0.126943571929061
0.40577688296412,0.347969860199861,0.41453258224009,0.298426117869459,0.33654371025209,0.604032862772901,0.599957588760893,0.202476205218375,0.454399324727448,0.503219175651062,0.394577795364858,0.303720589571051,0.526834639867475,0.595101723777057,0.496487003471921,0.468134204467845,0.281329112754411,1,0.549333813746305,0.467452051509038,0.521466916038749,0.54906279092225,0.433094745157166,0.340621567826726,0.557856621582451,0.171603429542926,0.42072603805079,0.499490502703108,0.300162774608842,0.055913437077806,0.234979757634829,0.215017507194316,0.0208400484003467,0.241886239479939,0.523208518141811,0.118959031140354,0.172577547483379,0.265978264887302,0.219759595195218,0.0149803547402125,0.318766608878902,0.111926610220437,0.227808658869596,0.371285455988188,0.608046175526589,0.318573512021232,0.295479923429217,0.387374687669982,0.469234002744819,0.480622948765885,0.399627691936368,0.235894790191199,0.199651316530436,0.383705658452452,0.451467241191497,0.55011738138623,0.378646622182626,0.397725243846498,0.358987532688695,0.441977263171613,0.594560581455598,0.413893936919983,0.492329911223259,0.486625602257932,0.505136240817338,0.493426964694217,0.50598997783379,0.501143865699785,0.159393591587579,0.258596946413996,0.384797970327645,0.402585751532887,0.300022287162619,0.209117243014229,0.684748772729586,0.400964793814616,0.197100783589832,0.408007045947426,0.142530374787241,0.373271730044194,0.208731155077059,0.38199942267004,0.185732829040567,0.105755115992334
0.298237890582669,0.197789866077398,0.392184548122532,0.219700230309119,0.303110999592196,0.363834470409251,0.384283024723856,0.0836308516636458,0.359880572959391,0.461844406056068,0.436946114246343,0.282650631170054,0.543460312893216,0.627883629717585,0.351370984354156,0.271144135076088,0.284871335572077,0.549333813746305,1,0.310006377151111,0.331080185624613,0.425463051015058,0.324844380054358,0.274039586731121,0.45742030402913,0.170909530100986,0.358315166470961,0.480626827327721,0.223042993404969,0.00270499176054837,0.19072654531351,0.103526492225403,-0.0163383002435618,0.167665224949081,0.393280331103521,0.0168766020101293,0.0933314329003826,0.176477382745386,0.158149539830284,-0.0733970452726019,0.265047904826311,0.10655650899426,0.201652873869881,0.242068211313198,0.467279395706617,0.208462622244621,0.231342364214225,0.233147735038733,0.302255686779637,0.413958549081653,0.307238264590313,0.245111306629672,0.204068050747539,0.396228892030725,0.433070935134795,0.577054974410026,0.302729873073295,0.339579710521372,0.190083157709772,0.209743037831041,0.581378389069809,0.376821179203724,0.301431132639409,0.358414804456969,0.368489404791986,0.41561851951406,0.410199116232528,0.379717696609943,0.139046557208259,0.183228811362476,0.298268897877002,0.293424319914451,0.187616264524383,0.137361601805094,0.536881986335782,0.307689308079802,0.134047106337531,0.271010830549497,0.137311496343664,0.335302911006374,0.191499227346082,0.276816379814365,0.0837677431908464,0.0913402835865734
0.214793943843431,0.416926404497809,0.442609357186334,0.470980161544535,0.019833836113742,0.622270559858746,0.631372908846953,-0.25381006516406,0.249619242307638,0.22978620286298,0.392901846304118,0.421309151704118,0.40919057835255,0.299570434920673,0.633852997316943,0.53022009383366,0.242093341263202,0.467452051509038,0.310006377151111,1,0.590060165319396,0.721609333299762,0.378064306215445,0.501378544782945,0.334246478136191,0.185704592072237,0.108977787017062,0.448740494510572,0.143003335213972,-0.157454286117471,0.567422988696788,-0.297484691316735,-0.502585422492862,-0.22415060717797,0.351247222306803,-0.152902394116173,-0.108524139826153,0.130089844644075,-0.205141347079963,-0.196695079989848,-0.0525065044648379,-0.339455417113556,-0.321894157699124,0.230380699525188,0.521232840512517,0.457737910061916,-0.0468545149501966,0.174058492854263,0.153535502857127,0.233984888129136,0.299898010468633,0.28369025452065,0.307084863024504,0.405885956340476,0.490455344703887,0.301829588596541,-0.022969276054906,0.530812667222244,0.606544282812819,0.527164194208149,0.438419151350339,0.729632579763754,0.637251381916154,0.121589294973736,0.496569825146961,0.497502675488092,0.370437838680283,0.580656033622041,0.063428212219563,0.21135006300718,0.265183729442771,0.712770010611177,0.505543115877858,-0.381625394636786,0.367128003352398,-0.108398637339883,-0.0267675995939624,0.027178821362806,-0.0124578385341502,0.563943524117268,-0.260913337913118,-0.0985714381513764,-0.19810213159768,-0.483099716077796
0.386719662155544,0.409067664105633,0.493071226264738,0.421337591343922,0.141175031188433,0.645853922327268,0.803915639334295,0.00325096409109904,0.346513902321987,0.246041491609677,0.354586030659706,0.53410147344556,0.601065889464672,0.391667902683955,0.606501427027542,0.830025650029982,0.320815360511023,0.521466916038749,0.331080185624613,0.590060165319396,1,0.466828213872598,0.22992180103827,0.145727981772516,0.268241023182766,-0.00871986213764083,0.0158311671325839,0.400770875701167,0.190438329956389,0.0373718390544452,0.342720479419281,0.190987239021936,-0.259073690240895,0.079226834198847,0.383690020460617,0.0737702105614559,-0.0496675867508581,0.0804676219910489,0.101220700100026,0.0234686347504509,0.300337083259965,-0.0576983813717448,0.0476627611771504,0.318931340545785,0.569487983111186,0.337594744652028,0.0496742172101543,0.292851001952129,0.354348072197519,0.282869390026363,0.318405886431138,0.402268485824705,0.394350727523541,0.39834186897432,0.40914249375779,0.383920925584041,0.26079670935503,0.413206841472449,0.634333955419828,0.743618763106182,0.420098616769415,0.439740415311826,0.760269830478255,0.178922120557777,0.314173890768472,0.307128565403958,0.191905056226088,0.473971246687348,0.114792351458209,0.177169962285763,0.282540017547319,0.451409398481372,0.36885301985025,-0.121194310969498,0.518335274862731,0.174144790391165,0.194957949604049,0.11442201458346,-0.0594272346805955,0.285159011224279,-0.0136230980375076,0.149662716456836,0.0290663899451213,-0.195805983389926
0.238295070501301,0.417037371366554,0.423527923134323,0.495736208286006,0.146737529923244,0.705632620482405,0.552066877043572,-0.057602201627941,0.463326756028507,0.398529151443906,0.534590787953529,0.376607744189709,0.432835115296707,0.390330008416397,0.584884765162065,0.448880833623,0.226518438284731,0.54906279092225,0.425463051015058,0.721609333299762,0.466828213872598,1,0.599649379932134,0.595321556642389,0.403025974788959,0.273601127362,0.264021811936988,0.502474371845108,0.293678628688427,-0.173502464356938,0.446726578757789,-0.25534144416843,-0.331319707626697,-0.138296594806955,0.496427343714484,-0.119102231083863,0.0019686220630453,0.161761672798774,-0.106436900850202,-0.204054402015539,-0.0621427051676951,-0.210645059355871,-0.169565323662791,0.241066248277406,0.572774728277005,0.5231920917831,0.0360409549696751,0.350604342265321,0.351531057204546,0.40687980783985,0.414956528233162,0.297876252290219,0.324193687490221,0.398730001123504,0.540302700684586,0.344296630337287,0.0614629163800829,0.577593673295256,0.552653924983767,0.396429524310271,0.552945937545307,0.77088965396329,0.580592737951952,0.216324999371473,0.73698911460013,0.658974862830253,0.546745502132245,0.591507530247647,0.11349201558438,0.252520755948792,0.393713600909369,0.683285948706215,0.487088089404194,-0.195888161751353,0.473173473521905,0.00402762222556709,-0.0152620066036399,0.171720627788819,0.157013476198781,0.581834336159748,-0.173557340901353,0.032214715320443,-0.105304397609583,-0.286572440876291
0.308305405996728,0.327412454242398,0.432831100084824,0.320700558952399,0.255710393791777,0.543703881435329,0.400147743097044,0.0953688366665352,0.576361589356923,0.492283860045937,0.449785204610739,0.21965911330739,0.381113187870057,0.456801878020437,0.464315676022992,0.294144477266642,0.283423107448648,0.433094745157166,0.324844380054358,0.378064306215445,0.22992180103827,0.599649379932134,1,0.515264404689678,0.311154023294133,0.122591447346783,0.341012168033909,0.356060220542249,0.322511291600156,0.0300217497614557,0.279532877471617,-0.0510337952139509,-0.0148998779201734,0.18221071058553,0.537177877801377,0.114665270250671,0.231623300046303,0.278738192180761,0.189042374887396,0.00212450700953324,0.109492491517295,0.0638301304967935,0.0827117867808509,0.323347540081108,0.533573356264239,0.383278242813277,0.237933221488948,0.434862272199221,0.567210949215731,0.559839296118859,0.431918175634172,0.177849214901191,0.130853285966322,0.330257481340388,0.44259538173667,0.335730502112901,0.314383603945963,0.387626280627151,0.257402448086201,0.329089270170673,0.504340365655907,0.49707080255582,0.398368148290225,0.355765971389636,0.611159941552206,0.687076696411885,0.449923286095469,0.395817951590613,0.148185879478761,0.39989166376585,0.591456851171068,0.502650236048602,0.537842877572123,0.152802936328304,0.480569418735025,0.301977701487684,0.255609037070979,0.406686851640587,0.290631758507872,0.442884349673977,0.087961322753633,0.332210992390212,0.170233750633142,0.0527703726571737
0.155354988604769,0.273573577371948,0.284281951230855,0.309610208627791,0.0666969202604396,0.412478920080985,0.25903819306579,-0.0870106275433291,0.32259986506183,0.320646053565866,0.390800990201186,0.245391558331868,0.255139525189807,0.239469825207636,0.320191849779253,0.171842284987418,0.239933726348338,0.340621567826726,0.274039586731121,0.501378544782945,0.145727981772516,0.595321556642389,0.515264404689678,1,0.29596841217548,0.240845316709495,0.246901898234749,0.301976291594442,0.181213856836639,-0.158937554960393,0.248456000040868,-0.317482014908372,-0.182418314856908,-0.108839860283291,0.341278843514969,-0.131250989426744,0.0314848194863674,0.184301999671414,-0.0792565460186472,-0.195876508244893,-0.159308827245,-0.152815333976263,-0.176509260517346,0.190078643735501,0.389888838643876,0.36186459564056,0.0940803025595175,0.233954901279387,0.205104764221475,0.327870612045123,0.299718413081012,0.170426628456548,0.174886138759055,0.287382469498626,0.397092099578006,0.231086087929632,0.00111067362474647,0.432975715743273,0.287377297484998,0.212015476135476,0.344589651500285,0.579150133613907,0.31915535323348,0.195230534773427,0.521773910495322,0.563713675754073,0.415996593127563,0.479006619056701,0.0707877182383126,0.181823849906307,0.287631803113897,0.50580940831764,0.337131167816752,-0.146968776027894,0.26751176719771,-0.021188172910457,-0.0387028162691717,0.1384976663459,0.173276439283419,0.499884799994127,-0.0877081545243473,-0.011912935917371,-0.0733767742591141,-0.192431511600297
0.207414723781324,0.17078180914078,0.311147601553085,0.194833606220133,0.156067281010606,0.338924463228351,0.249501337845296,0.242210271989953,0.322134206667889,0.363841574404282,0.289604534935891,0.222086910477866,0.3641197494325,0.3641131152791,0.272056899161351,0.0910713884636188,0.191774264574128,0.557856621582451,0.45742030402913,0.334246478136191,0.268241023182766,0.403025974788959,0.311154023294133,0.29596841217548,1,0.197574209893373,0.500943685816183,0.422486777867016,0.21507515481396,0.0576150381304797,0.385246053760993,0.153957905861766,0.093319393851984,0.157517548434332,0.403120462138618,0.118709619324953,0.111310896466808,0.442601178056586,0.0850771801820166,0.039535140290384,0.293064586591082,-0.0398637523376742,0.188454962176438,0.215621251549229,0.405406750372328,0.205441442645131,0.184743692553576,0.316642442932261,0.276410569500525,0.33123149644596,0.280093448887874,0.179925466301924,0.197670392701483,0.408749555434537,0.319493085255751,0.442752238381792,0.247824904530423,0.280571025627357,0.0518630118888818,0.0487971742331254,0.322861945433489,0.333319940495299,0.179431037972722,0.486849049657734,0.376098346602924,0.380044365598329,0.4665720338901,0.393740474382892,-0.0452132712763999,0.142665451684764,0.242938112859936,0.398273085472143,0.14784661279731,0.170363874573732,0.525727865769663,0.393110909130934,-0.0946789438165135,0.439435180955094,0.0802456231164131,0.485206340154184,0.0711212666446791,0.386501850910929,0.0780894658313455,0.187980685017862
0.0435715777127863,0.12509052278402,0.0484277064874562,0.13666523828881,0.113479750635188,0.0662977959414553,0.0222573215368964,-0.0455228258899474,0.0325225427334652,0.106104139288704,0.0970861443116426,0.086650941278592,0.0469072202171805,0.141403870485753,0.0603309348411204,-0.0695425254234512,-0.0799229268698931,0.171603429542926,0.170909530100986,0.185704592072237,-0.00871986213764083,0.273601127362,0.122591447346783,0.240845316709495,0.197574209893373,1,0.0969734864175988,0.307355079003033,-0.0398781127331887,-0.133246960440028,0.111961641779387,-0.185131124474626,-0.0618552773515164,-0.122010333887692,0.0126119781113681,-0.129153989742884,0.0207946557452217,0.0495590247235626,-0.0296221284692678,-0.157111871048789,-0.0910706204511459,-0.0225307224978048,-0.0738722050265445,-0.00534359663617006,0.0873915789756253,0.183554047836947,0.0307829068678602,0.0329249339376978,0.000776797359168863,0.0829475975880206,0.0762717989501001,0.08160512402322,0.0965274071508257,0.0283202233217387,0.150619565261188,0.135897641709583,-0.0808130808382019,0.126972781976039,0.0864727119191485,-0.052193547117149,0.159198836761953,0.260799656326571,0.0385214215791323,0.0469981823841343,0.164899674765865,0.23426543328621,0.227913262548293,0.233606506926792,0.081805110614356,-0.00519437247750375,0.0501301356416685,0.190827965753049,0.0378229713453475,-0.0973747194314497,0.0804075988352708,-0.10383302999501,-0.128258634463627,0.00961829487146514,0.0420634544219145,0.210439871896862,-0.0579083063384863,-0.0583470471669291,-0.11113470469296,-0.0947961204944675
