1,0.380712736811629,0.343211425304155,0.295557454446544,0.29002893586976,0.182619325758275,0.193306381185131,0.11776576931539,0.217353340755084,0.206196740981441,0.223334766739477,0.188745970051071,0.233822296098513,0.167139146730042,0.290399185619686,0.288696970959649,0.178671631295249,0.232492731868914,0.235179297191052,0.188397613699194,0.129194898421633,0.258118587817661,0.188866317528582,0.162401020134174,0.262423525291304,0.18993389444522,0.203080892415925,0.21074525533499,0.0357002385593391,0.112181092662264,0.212734184647225,0.171185158521511,0.00975047866700936,0.0894245742456829,0.213359986445854,0.122807461560424,0.0964420121248569,0.115652508067429,0.115656607884332,0.219947953054917,0.200610256488901,0.165415739620878,0.203977725982636,0.318759987808782,0.27319731534102,0.295995593875848,0.286366394737694,0.166763238847004,0.229224498293669,0.2232771039575,0.192413203401566,0.183839578498594,0.215818399130592,0.166093243519679,0.168544492585558,0.193635972888031,0.140995663828838,0.15483771042304,0.21929991806058,0.298159028112654,0.183907155406469,0.269511189160127,0.131852050100725,0.23796509722324,0.289367268301656,0.280375897542526,0.247089916002252,0.166242187177429,0.00661506678937322,0.241122831582494,0.248994046416733,0.205286322136714,0.256335512544008,0.0900061682074153,0.211556972373517,0.0668225985655218,0.159011436304195,0.167428547123909,0.030537396914275,0.188910060964597,0.143644409255593,0.168212100355488,-0.0221781580237417,0.0849221245242297
0.380712736811629,1,0.592962263009615,0.750684127144402,0.616009828569271,0.333563901710304,0.48712106764726,0.233261730487652,0.648625782629765,0.518074995937353,0.659014135396789,0.598759117857594,0.676640423149684,0.6456887736527,0.546828427353699,0.691026520583339,0.653840089113544,0.640482819727303,0.672365848944262,0.530265852598415,0.367666582090296,0.64911314299788,0.216402742897489,0.508894463067484,0.638944673646723,0.381479235511562,0.601791033431654,0.565018070944596,0.0248042746133099,0.42086011690879,0.546839715514157,0.352471555860659,0.00340688073587949,0.40121663314362,0.530131158068673,0.31513287791626,0.0873304212912451,0.329664517222573,0.123370504075123,0.479866631414265,0.526517351956409,0.362313640302323,0.434053341267772,0.501344807622336,0.487215380528513,0.683255917252683,0.47190989134664,0.357044070228723,0.617193884106579,0.61943432560256,0.561350713317674,0.552427782209668,0.5189192480508,0.63072915625032,0.617941281676294,0.610604416672625,0.278559364610195,0.579510107997584,0.572284727253887,0.646201551990962,0.64481287585294,0.564690908127716,0.384146780885021,0.50159041672141,0.62443810501194,0.617187119623263,0.613146609511318,0.447146913728674,0.0186354515069359,0.530486660327021,0.498526347543431,0.622066588504647,0.50430125601069,0.241443372311271,0.54347299804883,0.205057037540714,0.421125772888741,0.439461481575254,0.133861210945395,0.400624918829678,0.196672132334583,0.432608464564313,-0.023872217930162,0.126848390810756
0.343211425304155,0.592962263009615,1,0.650921445789966,0.692138844059346,0.729355270949888,0.835679681773627,0.647295067882432,0.626294898111364,0.541142255445857,0.646996474757603,0.649662840222457,0.735341570524285,0.56434433639478,0.820791534162491,0.798965671804276,0.598753792207056,0.653807504158177,0.635400486586441,0.618384925326665,0.727895198318592,0.64043047760783,0.362321839276595,0.535439671601794,0.721214076347192,0.421844962921933,0.574038620272155,0.540564784160745,0.17709912689568,0.572417259458502,0.59631964168053,0.622584384316975,0.102247416776337,0.536006463961457,0.616724839638915,0.689185668743787,0.215596410983424,0.420801498907151,0.142499288381682,0.746152919586539,0.723157623749347,0.462803075938721,0.569549590191214,0.57843071080349,0.832251724086968,0.80570190602289,0.565224223639872,0.751471091912918,0.576362056750621,0.61881904604307,0.577090079383448,0.635258047819979,0.700221804364117,0.656235579125917,0.58238086583403,0.545278243296873,0.661820956158731,0.625491743542885,0.549865373226107,0.734729043703693,0.591687317208032,0.625007940883868,0.709528330499218,0.685017187013922,0.632292489957989,0.565430087539188,0.539191851406008,0.369554609842317,0.00561031732363176,0.713220598896257,0.529594178660336,0.573018967064727,0.774971916691265,0.202521970292583,0.617955823794363,0.473986408785699,0.587824426302345,0.636681317731911,0.183504859195157,0.479482673943342,0.187218843110434,0.681830594988015,0.154902731763664,0.283051830890996
0.295557454446544,0.750684127144402,0.650921445789966,1,0.688605348148555,0.295960183202959,0.530145998097108,0.411533336756915,0.718751100639084,0.557087658195827,0.525327443938565,0.414798750547269,0.551773787030019,0.562565098513304,0.486553735474318,0.669684590857967,0.518433988083997,0.716497578699637,0.638632895786014,0.42305287853894,0.299213509539623,0.520543316612004,0.264145226134581,0.483837004795273,0.599945033100297,0.521432561449433,0.599613868475026,0.508102520055341,0.185916062150191,0.301336510450789,0.411458197485068,0.504816756221717,0.168646469876396,0.36590786740647,0.485374716684234,0.37229970037285,0.16345917992144,0.269487647020712,0.150020728616278,0.357639318967254,0.549496770870968,0.342094325867092,0.62205781270545,0.373609289585816,0.40215152453414,0.81502303032998,0.537551757210213,0.537484367006294,0.747651814195399,0.654448452434297,0.489850997204098,0.37481632459167,0.497601871816573,0.559033816907524,0.561603074237533,0.556148359970284,0.291232768794516,0.447963815777503,0.493329672373899,0.681903607080055,0.599021074901571,0.457615829587039,0.35450884931879,0.458506031818504,0.532168593224576,0.624800645967954,0.63955854978473,0.53819648527022,0.0405041470353835,0.498205722251324,0.450837908518269,0.694589649883072,0.413718727241272,0.442777111946972,0.69805781992874,0.265552289297287,0.320257456893023,0.376931388990872,0.0634744980661545,0.287062017166068,0.22458674012078,0.449277320798884,0.200925867794967,0.343045778853511
0.29002893586976,0.616009828569271,0.692138844059346,0.688605348148555,1,0.542102620433765,0.598920019694801,0.468463943906241,0.619615417212273,0.519613382346303,0.519329505209396,0.480345326034336,0.519950191500353,0.460633108537362,0.597596005643698,0.6069042447678,0.459869063258935,0.538392130733799,0.530900202098458,0.452716265117586,0.428887978670725,0.532013289512521,0.28605044356402,0.422027600757746,0.621023263603247,0.440988420334782,0.464672333118272,0.489828973784138,0.199378639398349,0.41065536078409,0.512421607463698,0.527598829434342,0.127350291033559,0.487047288688685,0.555547546309568,0.441225671230971,0.251054024456092,0.374428504117832,0.171318700504586,0.512460234701268,0.572878200296385,0.560081709457852,0.565433660141569,0.386243131596549,0.541227816414161,0.773524411215849,0.554263850753051,0.515087393337841,0.597283104442835,0.623889311333464,0.475225788554655,0.450525434769531,0.438206052035963,0.477560353874375,0.46214002833671,0.424200660936129,0.477552142101154,0.459808860528358,0.416149269342575,0.571395887042383,0.473248700031484,0.456010655946302,0.429897322684074,0.511153098277756,0.511438240773947,0.553934181855699,0.509461691017231,0.373759213512398,4.49692811417095e-05,0.492690116972866,0.503201839649696,0.567322627171606,0.512733705271758,0.29297229729394,0.567179673306637,0.242220309367456,0.460578867470518,0.476297883425606,0.146648564141193,0.338048517652462,0.287222325452603,0.486706861040259,0.211539884012537,0.310910156816851
0.182619325758275,0.333563901710304,0.729355270949888,0.295960183202959,0.542102620433765,1,0.703426558054478,0.546360230924057,0.476059174343534,0.374925366782789,0.484928400070637,0.501121582995094,0.479330777036459,0.291265147435959,0.75816489985103,0.481624347765243,0.346493068572121,0.326297719730199,0.339508259427168,0.490295121934046,0.689799558887624,0.433990742479991,0.37505920248615,0.360797946872116,0.57664919682185,0.237145305257316,0.297343330039828,0.446809774311847,0.101464500789055,0.621867364835247,0.666662282019753,0.603897868295509,-0.0156681436901964,0.741794770505773,0.69915700628542,0.577292410233945,0.241370064183195,0.461236896777037,0.1381388545339,0.786993253766197,0.585030438616954,0.482655304344424,0.448754171284477,0.471859186725469,0.76088341131166,0.510925063761745,0.387309582197071,0.572449261768559,0.358811049480275,0.432250123985278,0.389263888359287,0.464393214281534,0.48334348017157,0.394313584247606,0.310230639195324,0.307916644660362,0.883162511019455,0.405508216963746,0.238488376176592,0.399686722097616,0.288151262632652,0.457676829175744,0.599969717576368,0.621355606045941,0.359821646930611,0.413254768843685,0.329322633763497,0.196063645637677,-0.021292825004181,0.434138945394709,0.476003333587965,0.332965380151284,0.737767141905569,0.0959195289173014,0.358280475150384,0.358404298702412,0.772083471809605,0.750987511284893,0.232291484209438,0.401054734312216,0.197527638769843,0.573942948936659,0.0923792112365121,0.164979688369695
0.193306381185131,0.48712106764726,0.835679681773627,0.530145998097108,0.598920019694801,0.703426558054478,1,0.758767735794279,0.554416120882166,0.4618749522564,0.588056776278631,0.604134628700939,0.654332981795426,0.543195438596084,0.674149193906014,0.770055290383313,0.580553863244703,0.572031071599499,0.59652086210261,0.614149560807043,0.80518254340756,0.587935950928018,0.256708695677717,0.487679518079732,0.733267090185451,0.36303759168515,0.494050483272363,0.487960937562204,0.105123420817578,0.54196400145475,0.519607778929282,0.62731590233476,0.0739205400650923,0.506162961942311,0.503758131414644,0.830268126453995,0.167548785014849,0.404989450499697,0.0973388515404746,0.759864696643778,0.761713989396633,0.452260407926553,0.517121884405905,0.368918682330717,0.682006535910861,0.681973619329307,0.483517772236822,0.812382972405695,0.481730351553603,0.564540177420569,0.51055641289596,0.582023242493343,0.556562910722826,0.624057622667234,0.568660687348588,0.561903935826069,0.697192147894643,0.576126047819873,0.495699042807677,0.66780979339544,0.537377103684822,0.511365436024499,0.795364579823894,0.523215605891271,0.532346621930614,0.495129519333957,0.506353401484861,0.341357917138748,-0.0027057457937076,0.754398020111157,0.480547795442661,0.621569555018177,0.620270141017624,0.198153750850392,0.552440079679482,0.61860919338753,0.593028382249266,0.537575346165044,0.134306568331204,0.436104506396722,0.164217145254804,0.74326446955584,0.179066715077948,0.332053587843214
0.11776576931539,0.233261730487652,0.647295067882432,0.411533336756915,0.468463943906241,0.546360230924057,0.758767735794279,1,0.366693655602251,0.301030556535929,0.2629472873813,0.245728367798441,0.299624785257398,0.234120763655265,0.385031930788765,0.48741796552026,0.195928517459481,0.392919794442529,0.369899291199897,0.35007185971242,0.681107981643413,0.226906898174085,0.219717100966815,0.288367144085841,0.518304140676848,0.342904058426245,0.24756342409832,0.246285893033778,0.156300628831046,0.226171802919179,0.26002475746479,0.768904901295222,0.230029402054579,0.344926846008122,0.285395715369462,0.819392048722928,0.208387539634198,0.302984640816347,0.0158592517481137,0.52519948461294,0.642074200917084,0.381931236301831,0.517487639490273,0.127114041695118,0.42988776506103,0.562781942966682,0.355843536281495,0.896032540497755,0.369100983674791,0.384791120426335,0.279358729929968,0.255153810711783,0.36429662643402,0.340252859385271,0.241249140930216,0.305643820146394,0.61125630922499,0.242910071476614,0.162943505536125,0.466668329172134,0.276023957740942,0.252699498819277,0.722462653146803,0.315347568389296,0.236149647728221,0.314783355635069,0.320032691073541,0.284586651150751,-0.0181273956279346,0.527757733644756,0.25583216268381,0.417723355353592,0.434221277180414,0.244887916864851,0.506143357100496,0.682421627681395,0.382510345038454,0.311276499268703,0.0621628071253527,0.259237607170832,0.102646755031001,0.684462664911761,0.341366263674925,0.480726834326126
0.217353340755084,0.648625782629765,0.626294898111364,0.718751100639084,0.619615417212273,0.476059174343534,0.554416120882166,0.366693655602251,1,0.738810754556254,0.697146331518581,0.574068906318953,0.630592656866766,0.658286996968104,0.633156837744073,0.689370022668495,0.605912845321915,0.686508201189637,0.661659252020713,0.59816888439666,0.437121949460664,0.677233253598647,0.430858366594053,0.622061402246193,0.682614517737745,0.532730665855626,0.61500350240085,0.622645936851812,0.152321510982484,0.460801798726899,0.619090831497538,0.547201595148428,0.104740289083236,0.561334501074249,0.716578507092386,0.453329827415548,0.266284219010044,0.474067990311809,0.161324228546123,0.553410539095268,0.606799231589197,0.422378328815427,0.635741711927418,0.474496726504745,0.553624778592051,0.731385887719542,0.507532072175484,0.527664354069113,0.828635174543037,0.7194323024503,0.613296262523758,0.527785756196466,0.563228742992204,0.629056048953193,0.552441921857084,0.637620565728161,0.439762189684105,0.552789158097568,0.513303190470353,0.669710961633446,0.608516132543614,0.643551509057014,0.471596977585035,0.657073848608104,0.659449003274556,0.758456940478638,0.683146795841547,0.579216775024716,0.00836153484812242,0.560732532708875,0.615581640205446,0.696429209124786,0.593383343307745,0.446413942963995,0.69555271136484,0.302848178763604,0.544397240557133,0.625676345222498,0.186120889477485,0.461818051800395,0.308998222305908,0.556164187309919,0.161162695254742,0.332565210519689
0.206196740981441,0.518074995937353,0.541142255445857,0.557087658195827,0.519613382346303,0.374925366782789,0.4618749522564,0.301030556535929,0.738810754556254,1,0.603249678516922,0.447843044986156,0.503015711028822,0.528122624083551,0.510047384132886,0.611064059927829,0.489843736971614,0.61336090034352,0.539873723901588,0.495477152039021,0.349387876146491,0.553394972806955,0.371620708896951,0.53065402880128,0.52936230499788,0.448888411906012,0.49110445052091,0.470739336257897,0.166541433552097,0.350811078205261,0.455112943396154,0.432274647326321,0.0549404564300041,0.379994555770145,0.523201856453747,0.380881896813088,0.279559495014352,0.360076716871407,0.133434391960594,0.398766337276793,0.470742331697149,0.342675797340875,0.519954511250989,0.386736730663557,0.469069007805106,0.590842775842767,0.396407014992406,0.451826368072533,0.625052801951235,0.621071070226884,0.536039714566453,0.393208819661674,0.443501520081973,0.505991200968501,0.443905722142132,0.506145244464001,0.295635411778516,0.423037351564528,0.419826287442903,0.607112022221685,0.525879165060118,0.516260304983428,0.390568004877088,0.543429289834386,0.5670361453794,0.615974532306249,0.548547849461266,0.452375545605192,-0.0427061661903595,0.504903785636195,0.455644322129834,0.534084312474949,0.453331474248029,0.385559732408502,0.6035617553425,0.276375475323106,0.373233778331622,0.410554554086741,0.204889462216985,0.355484174734706,0.21422117286942,0.417088712549205,0.102386599562087,0.233417543836761
0.223334766739477,0.659014135396789,0.646996474757603,0.525327443938566,0.519329505209396,0.484928400070637,0.588056776278631,0.2629472873813,0.697146331518581,0.603249678516922,1,0.836390066471964,0.83459261623403,0.771027490013995,0.700771551888515,0.777760846004106,0.81738681725752,0.659154028291261,0.691657172987459,0.752726166782998,0.560175578534586,0.833356579833875,0.285387179830936,0.660337636119135,0.752936656402297,0.387918948477435,0.68667396160619,0.660106101725467,0.0483824827277421,0.531421386088767,0.680488678413357,0.370112668324508,-0.0579598911608069,0.537561709593348,0.653851259107588,0.479349520616439,0.119258249705394,0.475075611722325,0.142310255815689,0.641165932980484,0.6534925128441,0.381320897781956,0.419145127791359,0.550045717775269,0.668950408926127,0.59666884888897,0.378901436863762,0.425132719577776,0.584809708929828,0.668549161009422,0.762428731314488,0.801683819594656,0.59219303808868,0.791361506036016,0.694796277075412,0.697932171215703,0.402095198582532,0.789863558570518,0.699272309779231,0.640583084725291,0.654920610725132,0.716530923682701,0.520397807960832,0.640586585470256,0.774657070013722,0.686931490420935,0.598527569300107,0.437552113288393,-0.0106183667282754,0.616825865593528,0.597611538621634,0.61937866526515,0.62958572560265,0.220691968951107,0.527284002185546,0.354349525211426,0.593956059327919,0.634714537454936,0.202498317990374,0.529127651971112,0.167361056482101,0.602517436196186,-0.02185541784203,0.14164275091876
0.188745970051071,0.598759117857594,0.649662840222457,0.414798750547269,0.480345326034336,0.501121582995094,0.604134628700939,0.245728367798441,0.574068906318953,0.447843044986156,0.836390066471964,1,0.895581441475442,0.779753371307588,0.748647316293607,0.751101562298932,0.844077287506352,0.573884706419698,0.664608590726562,0.762451748009101,0.602324256662577,0.85139247775287,0.194638335677188,0.614804493777731,0.715258897737671,0.306335196230785,0.670280185152256,0.607003784884824,3.12924572191614e-05,0.593052377533621,0.672286439619713,0.279774862865229,-0.081711564086358,0.544551031143999,0.615553676776544,0.475178627154769,0.0838275412300069,0.457623944781891,0.105636997192368,0.673001464217168,0.625949918876588,0.37954239596842,0.299854200261176,0.542169805167564,0.732929096343982,0.547120874332666,0.369314080685257,0.37279865132442,0.482357227955653,0.595683686880918,0.779827523365743,0.925224691119958,0.628437604981661,0.808938107144341,0.725308310431746,0.674287583543305,0.428701571980079,0.882085538961504,0.75080744040933,0.614518814749359,0.667136701177603,0.727745742560097,0.515073077571155,0.631439404038466,0.813375813953406,0.587171406191591,0.52048791370993,0.3288243660549,0.015070310787663,0.612118543515181,0.590089238946255,0.543510170503206,0.63924742623879,0.0835872155683563,0.401158738838136,0.290112922893326,0.581650860223268,0.647231281298907,0.189615619693747,0.548410489106569,0.138859483212579,0.567886044067078,-0.00454373502412969,0.0627584029755799
0.233822296098513,0.676640423149684,0.735341570524285,0.551773787030019,0.519950191500353,0.479330777036459,0.654332981795426,0.299624785257398,0.630592656866766,0.503015711028822,0.83459261623403,0.895581441475442,1,0.819729970369129,0.759865503212274,0.849411191052138,0.885920259295144,0.688077115280951,0.762909698473618,0.75144842449698,0.625265176157405,0.846398698740919,0.217323796280959,0.649963764540818,0.734638930201533,0.388064883711378,0.723459795215142,0.64694673978885,0.0104289412185,0.583010821787965,0.656738999776534,0.343024096577217,-0.0536326868355029,0.495867431817571,0.605876463972145,0.508837475250713,0.0963576023563743,0.451839345104791,0.123633710138383,0.673052922888801,0.650628970093616,0.371822415473468,0.373997104877173,0.570350366205282,0.746124023544384,0.641805917361928,0.422871984237389,0.452651048230896,0.556575119797686,0.659233448668428,0.766935527331581,0.875451016082239,0.722996562935015,0.863195326111334,0.781801255981934,0.734604829961675,0.407878798377306,0.864844358200337,0.777255298991393,0.713371971148756,0.741519612712578,0.74321401208677,0.566837040135401,0.644988854745729,0.811390391867664,0.656792933139313,0.603284127954224,0.393708706662292,0.0105336950510233,0.682037594039118,0.575239552709957,0.607699570312699,0.674180804598765,0.120080884836299,0.51516610079127,0.32510325054617,0.552172776413552,0.614242982120636,0.208104328823127,0.533547866077776,0.173990945758359,0.597078821327847,-0.00349094254182797,0.106978097778935
0.167139146730042,0.6456887736527,0.56434433639478,0.562565098513304,0.460633108537362,0.291265147435959,0.543195438596084,0.234120763655265,0.658286996968104,0.528122624083551,0.771027490013995,0.779753371307588,0.819729970369129,1,0.628353517903501,0.811965169845514,0.801538212460049,0.752568085578882,0.76514781390973,0.743303498534211,0.520254173396326,0.858322913458353,0.193784081559257,0.659299423761081,0.718379844701718,0.468748535289502,0.775029483507247,0.710134043882855,0.00589863613124879,0.488822933365219,0.57122352079782,0.340544545555542,-0.0042138055643546,0.405904395730535,0.563437655187694,0.444350459827907,0.0987483601961202,0.434000172554464,0.0793501488272086,0.521412195180863,0.683372157262952,0.310892396920236,0.411259356996279,0.48782234202537,0.576323584088205,0.579230129488277,0.337787046991003,0.368603564122072,0.6175306168925,0.634193017797176,0.725302978560346,0.75280209024056,0.591056862901044,0.849721394326325,0.75719047200192,0.849286994063737,0.256478128180139,0.751357496151104,0.768153005800433,0.718330188185266,0.762754857798363,0.714568714873547,0.465584224383751,0.630479712227716,0.835952515050076,0.70632132900635,0.660767234377242,0.486169435872563,0.0290417028953278,0.632791190058988,0.559665384963524,0.677153371026085,0.503146678672359,0.221307597090491,0.580567474516646,0.315058231994982,0.426218653525654,0.526021811018874,0.151251493504858,0.504520389801942,0.146798204356518,0.595019882565463,-0.0111752856933169,0.142316557130509
0.290399185619686,0.546828427353699,0.820791534162491,0.486553735474318,0.597596005643698,0.75816489985103,0.674149193906014,0.385031930788765,0.633156837744073,0.510047384132886,0.700771551888515,0.748647316293607,0.759865503212274,0.628353517903501,1,0.734650439819047,0.61515837520042,0.604548184391773,0.56932020010723,0.697071005309113,0.619858380534293,0.76083280032356,0.436161797705803,0.585877500271513,0.681040574857195,0.420340681173746,0.585449996610853,0.612467366759539,0.100970379060148,0.733869933587594,0.717312612244203,0.52138901840779,0.0594002649422016,0.707825474301089,0.799732905660473,0.509684629852785,0.245723898567385,0.490667690351952,0.170291865814822,0.763229445476207,0.651742660705737,0.457849340060764,0.525307395648603,0.721692195167164,0.917041612067799,0.643512836569494,0.482889480509046,0.502806097876426,0.566117187366362,0.610282997917135,0.630605407661871,0.698415897217381,0.646965073234595,0.679527386990404,0.565944096823327,0.579733291077294,0.677639339667547,0.661402524510616,0.567367763432181,0.66641406929403,0.53705653362059,0.734000528660933,0.504379720724086,0.851095495380805,0.734909121530442,0.649685486371047,0.539688401366658,0.403059095628769,0.0174832307584647,0.621257776835427,0.595822871534285,0.492866284368566,0.79753153525688,0.131760110676735,0.525510237342258,0.279202454894667,0.677231124050186,0.807946231513208,0.27029541480494,0.520971059094977,0.196629721376098,0.576694334543021,0.0455208351703575,0.14649289498111
0.288696970959649,0.691026520583339,0.798965671804276,0.669684590857967,0.6069042447678,0.481624347765243,0.770055290383313,0.48741796552026,0.689370022668495,0.611064059927829,0.777760846004106,0.751101562298932,0.849411191052138,0.811965169845514,0.734650439819047,1,0.798400916459962,0.796894083502706,0.804923221534588,0.725579017696789,0.65217370853361,0.825369176681394,0.285301423933518,0.650586161629541,0.770660284777265,0.507730091073552,0.738243990940799,0.635684964233981,0.0662540333748325,0.525342596378109,0.574810707978732,0.518151492332265,0.0676072061083316,0.443242051081356,0.582845732096305,0.637524313423404,0.194395504690415,0.425878574113352,0.13553080898648,0.640389507744699,0.72761110673704,0.415747311085847,0.509340535675954,0.538764926906629,0.702110979480514,0.729587490659113,0.479503854120451,0.623809730305243,0.657690517848711,0.709962984315945,0.696703439502994,0.717978325919419,0.703196194394609,0.830471691663208,0.756328376273972,0.792513996138442,0.431085025820584,0.743253849027296,0.762312615941944,0.864990927593536,0.764463398544007,0.685046868312057,0.618337573416207,0.665977968087323,0.795688124628203,0.698299975789504,0.663870099895746,0.482733566381824,-0.0287099121431625,0.780955085991444,0.551732451891111,0.685441116526742,0.622848824950512,0.260993263082125,0.664820349340435,0.441244635018921,0.486324549255831,0.533343032359126,0.1756169354727,0.503209172770781,0.172050735012027,0.673504560273511,0.0803741079501203,0.276467526623562
0.178671631295249,0.653840089113544,0.598753792207056,0.518433988083997,0.459869063258935,0.346493068572121,0.580553863244703,0.195928517459481,0.605912845321915,0.489843736971614,0.81738681725752,0.844077287506352,0.885920259295144,0.801538212460049,0.61515837520042,0.798400916459962,1,0.660400745135091,0.757533466538139,0.670968665455046,0.490597309013257,0.829023832838635,0.16418252328251,0.565776770041956,0.662113941474257,0.376764833500929,0.705393215582811,0.554670356996282,-0.0225837829895277,0.494486640153018,0.531744976851246,0.251188279185404,-0.0544651708207667,0.404548667667962,0.498279875507314,0.410624926370844,0.0383827002273432,0.350889677948707,0.117702705999956,0.51013642975879,0.575007265758412,0.298629311247713,0.325794061885924,0.467436399853721,0.594745822595918,0.543796427215318,0.380328619226664,0.354122959997653,0.514218215770056,0.627199719561412,0.715785699000432,0.819533157524645,0.600374931697134,0.823757629452163,0.789837446598477,0.708393258820748,0.254202830745141,0.850238864871713,0.776908090988193,0.652272828306589,0.739115757663216,0.627979532046057,0.448963518501231,0.51725680711792,0.765637422130146,0.585022809697303,0.560912675430333,0.362410729082566,-0.0316327341947374,0.621624029477855,0.519923862481773,0.596811070828781,0.467855852113864,0.187838538932698,0.447908742829592,0.253528588722418,0.438583634795266,0.500675292228671,0.155251398592161,0.439228660652938,0.132461006152095,0.505573384894231,-0.00121972299686063,0.0899812545697563
0.232492731868914,0.640482819727304,0.653807504158177,0.716497578699637,0.538392130733799,0.326297719730199,0.572031071599499,0.392919794442529,0.686508201189637,0.61336090034352,0.65915402829126,0.573884706419698,0.688077115280951,0.752568085578882,0.604548184391773,0.796894083502706,0.660400745135091,1,0.810942224605403,0.597196169959666,0.452370872311394,0.70478821905851,0.278353152886275,0.582337954073469,0.64335273828572,0.541943009709712,0.729446034437812,0.568721423311084,0.113554230599353,0.405836854529993,0.45426255362174,0.499786694117413,0.128691429020902,0.340638226370748,0.521386820782106,0.473232583321266,0.177113419705629,0.328537201476164,0.0886841706062001,0.440065196712713,0.624671418400307,0.30024070281542,0.574065677482504,0.463966451651143,0.565816408965462,0.684344550786613,0.44559957644256,0.529110690913197,0.731974248754021,0.689943926119537,0.616721071402162,0.540307220312975,0.590980917386701,0.737985478378053,0.688047271026049,0.750637727170247,0.269567655211294,0.614924468959899,0.653071394734303,0.80844628853948,0.769332854272343,0.591881995068417,0.429191085001701,0.604799087398495,0.74600818133884,0.686738365555707,0.667976205472301,0.531472380251105,0.0292925210326703,0.619248559785572,0.444368178612258,0.633545702518321,0.479829003455129,0.361557351304844,0.699001794392352,0.297634746050078,0.305144821079065,0.45072684534445,0.146693039724535,0.40480966001244,0.120408406743565,0.535914718632168,0.109990363316563,0.259724200065893
0.235179297191052,0.672365848944262,0.635400486586441,0.638632895786014,0.530900202098458,0.339508259427168,0.59652086210261,0.369899291199897,0.661659252020713,0.539873723901588,0.69165717298746,0.664608590726562,0.762909698473618,0.765147813909729,0.56932020010723,0.804923221534588,0.757533466538139,0.810942224605403,1,0.61271209755389,0.511711765927274,0.72930295434219,0.220785089445353,0.55979337631515,0.668625004902187,0.469711566809812,0.697453110714861,0.540422347451422,-0.0125266994364927,0.434984071847791,0.486765546780456,0.417245168418361,0.0517901360766033,0.363013125412905,0.481507217361058,0.47850172271752,0.122749828243539,0.302778027933204,0.0882478685893988,0.490418496866922,0.613088120399483,0.351311345931903,0.469211099752622,0.489217158858914,0.54443117323911,0.658515795534647,0.462571171990083,0.487613680978579,0.635906349819111,0.663122753834431,0.654048246959674,0.657392097454026,0.598240085285229,0.774665774990558,0.764442875708945,0.731258232482741,0.274183874868903,0.701627113937403,0.662898220153813,0.75859605534904,0.821189745035373,0.583633169436698,0.479679366619949,0.521743707384961,0.713249809674183,0.633966450793063,0.659538620654269,0.423236285970067,0.0105479810034216,0.610101289644932,0.502360523055373,0.647950446395713,0.478071128548843,0.291550496356982,0.619465968867,0.29179600719351,0.399221612874245,0.45223395814386,0.139772608619311,0.439470951382141,0.177092464912883,0.567479643396569,0.126270583836742,0.235769286184056
0.188397613699194,0.530265852598415,0.618384925326665,0.42305287853894,0.452716265117586,0.490295121934046,0.614149560807043,0.35007185971242,0.59816888439666,0.495477152039021,0.752726166782998,0.762451748009101,0.75144842449698,0.743303498534211,0.697071005309113,0.725579017696789,0.670968665455046,0.597196169959666,0.61271209755389,1,0.646369138379834,0.80842976394941,0.346482554541607,0.722723632907846,0.772666454060811,0.43052242726137,0.597312392543072,0.687777702816147,0.0712567741752834,0.566176180068414,0.695253287879129,0.446159238278383,-0.0196545231878176,0.521471009202055,0.652664179042635,0.596610193297262,0.204556377907316,0.559328527958453,0.147262233040314,0.704059698878128,0.731013070670227,0.376237005541535,0.435633058663998,0.51211865251068,0.674958311372991,0.522329532158745,0.341095695277723,0.464347292785065,0.537833388380735,0.562214813031281,0.704176727773334,0.738963308383442,0.568310587059596,0.754128960427848,0.60990642875582,0.729124609395429,0.487408810416293,0.678577656292571,0.642231089998425,0.603922931372435,0.589119831343021,0.786160652511749,0.571278469785698,0.687609805519414,0.787372866674475,0.685842549864255,0.583062830950328,0.504664053515638,0.0253482713167276,0.639445602104633,0.571127060774003,0.643372901037342,0.65904095230308,0.171830150251486,0.530334951180945,0.480182705441633,0.594346816279015,0.629481618993484,0.203155846650761,0.5816562004503,0.139237471966151,0.66379153671507,-0.00957366616853318,0.197327076622494
0.129194898421633,0.367666582090296,0.727895198318592,0.299213509539623,0.428887978670725,0.689799558887624,0.80518254340756,0.681107981643413,0.437121949460664,0.349387876146491,0.560175578534586,0.602324256662577,0.625265176157405,0.520254173396326,0.619858380534293,0.65217370853361,0.490597309013257,0.452370872311394,0.511711765927274,0.646369138379834,1,0.531402785027274,0.198910691309755,0.458348160930497,0.71501314332243,0.281527711140182,0.445481911484585,0.527806055817299,0.00647280466027876,0.516275415289375,0.592894483072724,0.567723760511116,0.00434887285959522,0.514408853180431,0.509647729406575,0.822522935909301,0.138414792482793,0.48034948002098,0.0656393562578145,0.816591004157334,0.794323834361511,0.364859288401051,0.372617903837151,0.373695710470898,0.671038667144394,0.50520612231219,0.289909922860422,0.718079182961743,0.34343884893274,0.418970329902461,0.506357563663383,0.600972126899663,0.56107056730742,0.616220879265756,0.497749709432819,0.562464454521347,0.695405528187396,0.560831252411163,0.430243737045638,0.517810734540554,0.478682154440959,0.538718934084477,0.861382091411469,0.519957165511884,0.490629978356827,0.429316784374881,0.406252282630183,0.284153897314822,-0.0142161898438519,0.647860604944854,0.44677175050819,0.484805671088489,0.6862838866417,0.0535028491892936,0.455992052094876,0.662655618745771,0.655077747607255,0.581270957585702,0.179572679975007,0.495502329759631,0.115522739889888,0.808625139110282,0.0512138537766549,0.231674412816739
0.258118587817661,0.64911314299788,0.64043047760783,0.520543316612004,0.532013289512521,0.433990742479991,0.587935950928018,0.226906898174085,0.677233253598647,0.553394972806955,0.833356579833876,0.85139247775287,0.846398698740919,0.858322913458353,0.76083280032356,0.825369176681394,0.829023832838635,0.70478821905851,0.72930295434219,0.80842976394941,0.531402785027274,1,0.309189223332184,0.683410655179666,0.727723271349385,0.471737689453565,0.742526588424573,0.689758741540164,0.0335494448796195,0.588058889986672,0.64293306195647,0.358501641366764,0.014668487137396,0.512161829465137,0.667481271764527,0.476168508933505,0.136791465580662,0.442322225497746,0.160062554446425,0.603105381196364,0.66006881839431,0.389991042725849,0.452579040141397,0.576370455073863,0.717697374474198,0.590894158952759,0.437060235711642,0.366828108195305,0.615733319667628,0.662628599673899,0.781357583958524,0.806567200695257,0.601751729451565,0.830913568855867,0.70609244400234,0.781281991119274,0.368828575686779,0.775012350958263,0.774249144204044,0.71244191203957,0.694361703012306,0.78738117858646,0.443817927208941,0.732206988846689,0.90249272010689,0.725519141045147,0.630414589592568,0.458696998146636,0.0113100779897435,0.675270510115932,0.600821935885103,0.633897467058405,0.596600294724761,0.208707153179652,0.549193543116287,0.289970849620492,0.514388794233001,0.631283637243663,0.181503757531104,0.528383882609374,0.169681814532896,0.566971530015213,-0.0152595765466954,0.142450001328056
0.188866317528582,0.216402742897489,0.362321839276595,0.264145226134581,0.28605044356402,0.37505920248615,0.256708695677717,0.219717100966815,0.430858366594053,0.371620708896951,0.285387179830936,0.194638335677188,0.217323796280959,0.193784081559257,0.436161797705803,0.285301423933518,0.16418252328251,0.278353152886275,0.220785089445353,0.346482554541607,0.198910691309755,0.309189223332184,1,0.384638481677814,0.268219735621153,0.361212000196079,0.235036843086691,0.256257996293363,0.173843824081637,0.311411199994996,0.308484927311196,0.382881555065507,0.0516018228318396,0.39155293778186,0.455751552498015,0.23675597659806,0.577317164906403,0.260509014995404,0.0956669784214811,0.339352305413898,0.278673486222378,0.168366741484176,0.422420164633551,0.338337813532002,0.40536109244302,0.286300050304229,0.218349204757573,0.294572929628422,0.405887710880564,0.30715206349297,0.284093456985706,0.16944759238629,0.216707043899638,0.248275548128625,0.109155699315497,0.218206942657387,0.393602187669802,0.165375351175345,0.156010323648554,0.314079510160419,0.146373754379029,0.359697138638967,0.20533845388674,0.470276341242584,0.293052125211039,0.456800598055018,0.298875437165541,0.353137422484946,0.0363360020604468,0.237431746916541,0.316527509612608,0.266865666213735,0.404251770631016,0.20418522723434,0.365499419618365,0.162783137370554,0.352459880205303,0.434706411041032,0.156006166540303,0.230900458618865,0.189382844507296,0.291429767544376,0.143997302535136,0.170565965909024
0.162401020134174,0.508894463067484,0.535439671601794,0.483837004795273,0.422027600757746,0.360797946872116,0.487679518079732,0.288367144085841,0.622061402246193,0.53065402880128,0.660337636119135,0.614804493777731,0.649963764540818,0.659299423761081,0.585877500271512,0.650586161629541,0.565776770041956,0.582337954073469,0.559793376315151,0.722723632907846,0.458348160930497,0.683410655179666,0.384638481677814,1,0.666676714437551,0.485183596916236,0.587565749217029,0.670765349463068,0.145229514926294,0.401493369278167,0.626836780785269,0.425581777055367,0.0291828192958987,0.47053196072984,0.621755807638797,0.458863131188283,0.280769235582919,0.599758511028714,0.090361440410949,0.556441652573544,0.622486915836474,0.323234793618081,0.490954232958678,0.448465637372413,0.543801700028732,0.513300722258275,0.326557771690413,0.416848459294966,0.569817900941489,0.598072438344505,0.651784340125287,0.577569025978112,0.510000024911819,0.649693631507704,0.531390332907903,0.645891171789929,0.370973182261376,0.563893100147405,0.567570631431611,0.594529488900175,0.507129714192965,0.715959796030992,0.474780158422071,0.647530884080678,0.673393958052586,0.721085803215773,0.598348160424812,0.542623998266449,0.113445291656043,0.560570247544091,0.567650646689055,0.673430959039037,0.603107970968387,0.301423521855454,0.590076330486475,0.445036089198394,0.512690249707281,0.556686056560165,0.223735791808318,0.561394115044515,0.0893971717609102,0.566645844506006,0.0512311201523045,0.258834115481853
0.262423525291304,0.638944673646723,0.721214076347192,0.599945033100297,0.621023263603247,0.57664919682185,0.733267090185451,0.518304140676848,0.682614517737745,0.52936230499788,0.752936656402297,0.715258897737671,0.734638930201533,0.718379844701718,0.681040574857195,0.770660284777265,0.662113941474257,0.64335273828572,0.668625004902187,0.772666454060811,0.71501314332243,0.727723271349385,0.268219735621153,0.666676714437551,1,0.474138950276009,0.607707564479678,0.722653888266643,0.0875945546559305,0.547428576033348,0.783877860722968,0.571746233597019,0.01177951807933,0.588394221139222,0.685327379456764,0.700430293257554,0.230778148835956,0.597334173190169,0.13419857620973,0.792060038155382,0.840923999922249,0.448264281043965,0.541111189739033,0.466875643203482,0.622470223322132,0.678282550058134,0.431872877879888,0.61084927280197,0.622834630051023,0.654790011468178,0.685728066237745,0.699722576678096,0.588652116993531,0.719217571090037,0.627994275315261,0.70406505828102,0.596813414905756,0.67694920758998,0.596339448488106,0.659769294327389,0.648968282963086,0.710327737213119,0.702216336920063,0.643013080225968,0.708761311393648,0.69965354109549,0.644210900089869,0.504400980817699,0.0342848145456355,0.674550703373202,0.695975723432342,0.781135492346907,0.710596293008889,0.216167907772226,0.624979927203733,0.585605358509737,0.685837689933401,0.642109068523148,0.153414378209388,0.598948396267396,0.211162822546752,0.782576172157353,0.0401266916606152,0.296763295354184
0.18993389444522,0.381479235511562,0.421844962921933,0.521432561449433,0.440988420334782,0.237145305257316,0.36303759168515,0.342904058426245,0.532730665855626,0.448888411906012,0.387918948477435,0.306335196230785,0.388064883711378,0.468748535289502,0.420340681173746,0.507730091073552,0.376764833500929,0.541943009709712,0.469711566809812,0.43052242726137,0.281527711140182,0.471737689453565,0.361212000196079,0.485183596916236,0.474138950276009,1,0.509220249857349,0.488184721291517,0.209366276211188,0.251858521928909,0.316776799577133,0.486529048530942,0.243842232906172,0.314171349925368,0.466403123743486,0.398849770844943,0.294270882184361,0.377904564366506,0.112153725784669,0.254456118896756,0.536548765340684,0.250232601357763,0.596650230859078,0.307672126761924,0.369994392711146,0.487551591153705,0.279406415238981,0.407685639330757,0.582613651868877,0.529469294616578,0.416325654210642,0.271291469094833,0.358671001401973,0.46956825809175,0.336713192450777,0.517312230703223,0.244956556009077,0.30291244828037,0.337559814637709,0.482895653003267,0.374514306676815,0.443089609527472,0.317729127448649,0.54420024362186,0.467573709365794,0.605844984667583,0.52112838581858,0.610241239751873,0.0884694642432905,0.349512150248724,0.422859654446162,0.519888258430209,0.336784248108564,0.402816068524253,0.588740222891699,0.339041983726231,0.285076824326077,0.368661919861004,0.190914420629969,0.39755695296618,0.141987968822508,0.441469613024031,0.218198941493352,0.372849270536143
